Sample	0	1	2	3	4	5	6	7	8	9	10	11	12	13	14	15
032024_COL_SAN_T5_128_MCAV_S1_R1_001_val_1	(1.0, 66.11334142229896)	(2.0, 14.739701958245439)	(3.0, 4.76169077765067)	(4.0, 2.3163258335653207)	(5.0, 1.3195957639514386)	(6.0, 0.9426605240171005)	(7.0, 0.6493352225236406)	(8.0, 0.47941665267992384)	(9.0, 0.43316339783896973)	('>10', 3.9892001548042226)	('>50', 0.9487586630966695)	('>100', 1.5245155656319165)	('>500', 0.6133584668945287)	('>1k', 0.869971497499465)	('>5k', 0.149244139159532)	('>10k+', 0.14971996014224748)
032024_COL_SAN_T5_128_MCAV_S1_R2_001_val_2	(1.0, 64.90742481070131)	(2.0, 15.50955772057597)	(3.0, 4.92252189682331)	(4.0, 2.209721931838841)	(5.0, 1.3832761851573097)	(6.0, 0.9571047495703946)	(7.0, 0.697551713705718)	(8.0, 0.5138753185692252)	(9.0, 0.45478499165846786)	('>10', 4.175818065983431)	('>50', 0.8555095557102066)	('>100', 1.620091660046489)	('>500', 0.6008727952256194)	('>1k', 0.8510040053198967)	('>5k', 0.14943095885502378)	('>10k+', 0.1914536402589307)
032024_COL_SAN_T5_129_MCAV_S2_R1_001_val_1	(1.0, 67.62643573870754)	(2.0, 14.713255545149792)	(3.0, 4.564504132147966)	(4.0, 2.0694841796521746)	(5.0, 1.1908998269037427)	(6.0, 0.7889199768414562)	(7.0, 0.5790311447108847)	(8.0, 0.4637620496889625)	(9.0, 0.3631670234527333)	('>10', 3.3036933473880223)	('>50', 0.6491263420901943)	('>100', 1.4758181882611572)	('>500', 0.7660058531063993)	('>1k', 1.2480413377172006)	('>5k', 0.16717690704027932)	('>10k+', 0.030678407141414087)
032024_COL_SAN_T5_129_MCAV_S2_R2_001_val_2	(1.0, 66.2878201883471)	(2.0, 15.49329008004122)	(3.0, 4.826500503120639)	(4.0, 2.131685723584681)	(5.0, 1.1726473797723795)	(6.0, 0.7806941297493925)	(7.0, 0.6015067317923842)	(8.0, 0.5031062039775169)	(9.0, 0.3471903292110296)	('>10', 3.444041515355445)	('>50', 0.7204997658704315)	('>100', 1.4412665247798788)	('>500', 0.7915970528560801)	('>1k', 1.2330015576434994)	('>5k', 0.15094434432505996)	('>10k+', 0.07420796957351808)
032024_COL_SAN_T5_130_MCAV_S37_R1_001_val_1	(1.0, 55.987820610439165)	(2.0, 16.47480576356318)	(3.0, 6.507705447499028)	(4.0, 3.2699449918297097)	(5.0, 1.971730627686111)	(6.0, 1.3850384716310231)	(7.0, 0.9767557421500705)	(8.0, 0.7520962951425164)	(9.0, 0.6231980585931103)	('>10', 5.453299863140582)	('>50', 1.198442854644185)	('>100', 2.1263698930461716)	('>500', 0.7968801157758437)	('>1k', 1.694460507048689)	('>5k', 0.37706528300183073)	('>10k+', 0.4043854748088516)
032024_COL_SAN_T5_130_MCAV_S37_R2_001_val_2	(1.0, 54.6330096864208)	(2.0, 17.004115935393724)	(3.0, 6.6711836791052335)	(4.0, 3.4015381198384356)	(5.0, 2.03841970714152)	(6.0, 1.4030998972526139)	(7.0, 1.0125917322282125)	(8.0, 0.7596491095379679)	(9.0, 0.6190498514620486)	('>10', 5.648608942276842)	('>50', 1.3195550656765362)	('>100', 2.164823032693171)	('>500', 0.8436847075662033)	('>1k', 1.6785417742493007)	('>5k', 0.3559633080791419)	('>10k+', 0.44616545107810196)
032024_COL_SAN_T5_131_MCAV_S3_R1_001_val_1	(1.0, 70.92051939764026)	(2.0, 14.09162500952553)	(3.0, 3.9577549234342584)	(4.0, 1.7968283170333315)	(5.0, 0.9888506777075754)	(6.0, 0.6876035931572045)	(7.0, 0.4958633149718476)	(8.0, 0.3662954446590515)	(9.0, 0.3427972201258773)	('>10', 2.75860271426141)	('>50', 0.6494410347493419)	('>100', 1.3799616654233697)	('>500', 0.6133645437136472)	('>1k', 0.8181624785938011)	('>5k', 0.0931044518522565)	('>10k+', 0.03922521315145419)
032024_COL_SAN_T5_131_MCAV_S3_R2_001_val_2	(1.0, 70.12803612995371)	(2.0, 14.59045728568589)	(3.0, 4.133465308255047)	(4.0, 1.8206183276893086)	(5.0, 0.9616335989483804)	(6.0, 0.662496257617197)	(7.0, 0.46091843649312747)	(8.0, 0.4067885005889565)	(9.0, 0.2989268033788347)	('>10', 2.8554530898354638)	('>50', 0.6626465435615746)	('>100', 1.4107187783198916)	('>500', 0.5952393222429382)	('>1k', 0.8461629091855941)	('>5k', 0.0776940861602503)	('>10k+', 0.08874462208386577)
032024_COL_SAN_T5_132_MCAV_S4_R1_001_val_1	(1.0, 66.80587778141975)	(2.0, 15.94862227425172)	(3.0, 5.27557530306165)	(4.0, 2.3517208766675517)	(5.0, 1.2945567593683656)	(6.0, 0.9027377072618371)	(7.0, 0.5772547832986783)	(8.0, 0.4778372811839078)	(9.0, 0.3623319512044572)	('>10', 3.2489380098205976)	('>50', 0.6803002250044722)	('>100', 1.2253206747775414)	('>500', 0.39194430130409885)	('>1k', 0.4092379608906923)	('>5k', 0.03574986690067633)	('>10k+', 0.011994243583906659)
032024_COL_SAN_T5_132_MCAV_S4_R2_001_val_2	(1.0, 65.71806942161402)	(2.0, 16.653356134608785)	(3.0, 5.306486698485292)	(4.0, 2.4055939991476905)	(5.0, 1.3528249352416626)	(6.0, 0.8605813746523786)	(7.0, 0.6527930271229214)	(8.0, 0.475673045309129)	(9.0, 0.42905653847430403)	('>10', 3.4055928112186904)	('>50', 0.6778125264186701)	('>100', 1.1872867121697324)	('>500', 0.39453159778998537)	('>1k', 0.38901451803656456)	('>5k', 0.04178692340374099)	('>10k+', 0.04953973630609776)
032024_COL_SAN_T5_133_MCAV_S5_R1_001_val_1	(1.0, 67.73167825098085)	(2.0, 14.912046796750705)	(3.0, 4.5840542295163065)	(4.0, 2.1528399365271578)	(5.0, 1.2396499674567538)	(6.0, 0.8350182892346115)	(7.0, 0.6307221579927077)	(8.0, 0.46991885738493655)	(9.0, 0.4393912690399819)	('>10', 3.802184665785408)	('>50', 0.8186675315971469)	('>100', 1.3871753284342556)	('>500', 0.35561061994181686)	('>1k', 0.45613827481715424)	('>5k', 0.07958104884411729)	('>10k+', 0.10532277569619776)
032024_COL_SAN_T5_133_MCAV_S5_R2_001_val_2	(1.0, 66.70281378586441)	(2.0, 15.349140139377324)	(3.0, 4.802392826625751)	(4.0, 2.3276330614623144)	(5.0, 1.3464154176179364)	(6.0, 0.8366894055287897)	(7.0, 0.6105950174068068)	(8.0, 0.5344311848416583)	(9.0, 0.41831104592470825)	('>10', 3.7898431397925356)	('>50', 0.8842220747297196)	('>100', 1.3538960881635962)	('>500', 0.35404833899080573)	('>1k', 0.46946693758718644)	('>5k', 0.08487455519101568)	('>10k+', 0.13522698089537627)
032024_COL_SAN_T5_134_MCAV_S6_R1_001_val_1	(1.0, 68.06359991697107)	(2.0, 15.182018235684366)	(3.0, 4.663185962189118)	(4.0, 2.0919697079572344)	(5.0, 1.250871259733099)	(6.0, 0.7944699798913095)	(7.0, 0.5280174291754055)	(8.0, 0.4369994472048955)	(9.0, 0.3876005081935472)	('>10', 3.119105242332028)	('>50', 0.5903098714689181)	('>100', 1.274717014454766)	('>500', 0.6662392088770863)	('>1k', 0.8666209407329426)	('>5k', 0.05966171271276381)	('>10k+', 0.024613562421577178)
032024_COL_SAN_T5_134_MCAV_S6_R2_001_val_2	(1.0, 67.06924465345779)	(2.0, 15.709820636649397)	(3.0, 4.85667769390559)	(4.0, 2.1845022998038104)	(5.0, 1.2450241257915904)	(6.0, 0.7552482219251314)	(7.0, 0.5544198014548782)	(8.0, 0.4833347334196233)	(9.0, 0.34958578215593233)	('>10', 3.1530281947440493)	('>50', 0.6337209090626753)	('>100', 1.3029817798359324)	('>500', 0.6942958850107095)	('>1k', 0.8695133626069419)	('>5k', 0.06427606682570988)	('>10k+', 0.07432585335030091)
032024_COL_SAN_T5_136_MCAV_S7_R1_001_val_1	(1.0, 64.01317069876966)	(2.0, 15.637788533936684)	(3.0, 5.325699311066664)	(4.0, 2.462792073273931)	(5.0, 1.4564099026968467)	(6.0, 0.9623965857464788)	(7.0, 0.6413758635287001)	(8.0, 0.5183862720118838)	(9.0, 0.4298117771835612)	('>10', 3.7008687154101945)	('>50', 0.8595634723105915)	('>100', 1.6603599079512932)	('>500', 0.7115474856774636)	('>1k', 1.393438824118255)	('>5k', 0.17801774346927474)	('>10k+', 0.048372832848437894)
032024_COL_SAN_T5_136_MCAV_S7_R2_001_val_2	(1.0, 62.86530746891019)	(2.0, 16.4165153995571)	(3.0, 5.495914856071791)	(4.0, 2.5843677609734215)	(5.0, 1.4271015450345652)	(6.0, 0.9596103376129513)	(7.0, 0.6977457296576595)	(8.0, 0.5569965509064644)	(9.0, 0.4318673781399042)	('>10', 3.832194588567063)	('>50', 0.8489759798228852)	('>100', 1.601859052093231)	('>500', 0.6999888394162315)	('>1k', 1.304675303136503)	('>5k', 0.18988521243237855)	('>10k+', 0.08699399766800339)
032024_COL_SAN_T5_139_OFAV_S17_R1_001_val_1	(1.0, 76.74012170408419)	(2.0, 14.043926755550842)	(3.0, 3.095509416206767)	(4.0, 1.1446099483412708)	(5.0, 0.6455003710656395)	(6.0, 0.4484534529990509)	(7.0, 0.2922146167243248)	(8.0, 0.27841183368799616)	(9.0, 0.19315591072537375)	('>10', 2.3976219852752485)	('>50', 0.5427854654950395)	('>100', 0.1723461934110515)	('>500', 0.005342346433233127)	('>1k', 0.0)	('>5k', 0.0)	('>10k+', 0.0)
032024_COL_SAN_T5_139_OFAV_S17_R2_001_val_2	(1.0, 76.2101818420203)	(2.0, 14.322732653796633)	(3.0, 3.1563639783943005)	(4.0, 1.1613656718569905)	(5.0, 0.6072278736473358)	(6.0, 0.40152020840633323)	(7.0, 0.3307325046784042)	(8.0, 0.251788820111586)	(9.0, 0.20884578482604607)	('>10', 2.4272451791309275)	('>50', 0.5248068823667961)	('>100', 0.18923191222717506)	('>500', 0.01445678550753297)	('>1k', 0.016734334534351112)	('>5k', 0.0)	('>10k+', 0.1767655684952543)
032024_COL_SAN_T5_140_OFAV_S18_R1_001_val_1	(1.0, 76.94770889948451)	(2.0, 13.701421838254667)	(3.0, 3.0313604216045063)	(4.0, 1.0941834588235995)	(5.0, 0.5761771574918946)	(6.0, 0.42026216089019314)	(7.0, 0.3021973846742361)	(8.0, 0.2502311420198821)	(9.0, 0.1991704348293742)	('>10', 2.383721816344827)	('>50', 0.7586633473632602)	('>100', 0.3293768337264882)	('>500', 0.005525104492597713)	('>1k', 0.0)	('>5k', 0.0)	('>10k+', 0.0)
032024_COL_SAN_T5_140_OFAV_S18_R2_001_val_2	(1.0, 76.40971688080431)	(2.0, 14.05680817995432)	(3.0, 3.028347003180553)	(4.0, 1.03640856025062)	(5.0, 0.6092399875690032)	(6.0, 0.42057081906254357)	(7.0, 0.32976483846236626)	(8.0, 0.23878325803423178)	(9.0, 0.2159154447434669)	('>10', 2.3775663006048378)	('>50', 0.7258342898031271)	('>100', 0.37719556191226794)	('>500', 0.00856025991406787)	('>1k', 0.01203393555486133)	('>5k', 0.0)	('>10k+', 0.15325468014942845)
032024_COL_SAN_T5_141_OFAV_S19_R1_001_val_1	(1.0, 78.85407877840309)	(2.0, 13.335832722485508)	(3.0, 2.9382661312275875)	(4.0, 0.9981552754394706)	(5.0, 0.5407333028575985)	(6.0, 0.35651526559440827)	(7.0, 0.2855113533655303)	(8.0, 0.22945366284302707)	(9.0, 0.22465700063279617)	('>10', 1.9751919795745703)	('>50', 0.1872985008492487)	('>100', 0.06875869447640975)	('>500', 0.005547332250736802)	('>1k', 0.0)	('>5k', 0.0)	('>10k+', 0.0)
032024_COL_SAN_T5_141_OFAV_S19_R2_001_val_2	(1.0, 78.63845015894032)	(2.0, 13.238238716935314)	(3.0, 2.8122126587954615)	(4.0, 1.0336942729344887)	(5.0, 0.5754337350922252)	(6.0, 0.3957129953914178)	(7.0, 0.2988512414762867)	(8.0, 0.21282864696311737)	(9.0, 0.2040072134932525)	('>10', 2.0085246806841917)	('>50', 0.2219448300964818)	('>100', 0.11327249893272663)	('>500', 0.009482107302052298)	('>1k', 0.022700675922671512)	('>5k', 0.0)	('>10k+', 0.21464556703998847)
032024_COL_SAN_T5_143_DLAB_S40_R1_001_val_1	(1.0, 64.52027658832723)	(2.0, 19.972985313761168)	(3.0, 6.1226962734079855)	(4.0, 2.221381120839413)	(5.0, 0.9717484236177563)	(6.0, 0.6309557473929932)	(7.0, 0.39960294931648666)	(8.0, 0.3048985372049136)	(9.0, 0.23407665535469985)	('>10', 2.5423657346766793)	('>50', 0.604469864343955)	('>100', 0.8965262910176486)	('>500', 0.28961939911188517)	('>1k', 0.2883971016271845)	('>5k', 0.0)	('>10k+', 0.0)
032024_COL_SAN_T5_143_DLAB_S40_R2_001_val_2	(1.0, 63.67999932665569)	(2.0, 20.46997385080946)	(3.0, 6.454329642531229)	(4.0, 2.1359240534289268)	(5.0, 0.9993527052225993)	(6.0, 0.5918247674765812)	(7.0, 0.39248069644005823)	(8.0, 0.3187892580836372)	(9.0, 0.29000011833163075)	('>10', 2.550774259360894)	('>50', 0.566889511601437)	('>100', 0.953749233260848)	('>500', 0.28416649139800687)	('>1k', 0.2707827247466215)	('>5k', 0.0)	('>10k+', 0.04096336065231785)
032024_COL_SAN_T5_144_PSTR_S9_R1_001_val_1	(1.0, 75.16290778119546)	(2.0, 14.419368642235838)	(3.0, 3.42182099867316)	(4.0, 1.3357531907386797)	(5.0, 0.7019564261405877)	(6.0, 0.456368860749246)	(7.0, 0.4056805563582714)	(8.0, 0.26768148325249513)	(9.0, 0.2267740188418229)	('>10', 1.9409085506569996)	('>50', 0.4367495370079673)	('>100', 1.0175103899498041)	('>500', 0.1708829521253614)	('>1k', 0.035636612074257785)	('>5k', 0.0)	('>10k+', 0.0)
032024_COL_SAN_T5_144_PSTR_S9_R2_001_val_2	(1.0, 74.66722795854712)	(2.0, 14.739717959877815)	(3.0, 3.401531948080138)	(4.0, 1.324084572314753)	(5.0, 0.7260363644279778)	(6.0, 0.4547936671423501)	(7.0, 0.3561491799995335)	(8.0, 0.27635661277788215)	(9.0, 0.2475349062143919)	('>10', 1.9546615925732067)	('>50', 0.48383684974146374)	('>100', 1.0668223388446065)	('>500', 0.14738495940108934)	('>1k', 0.03200071544985419)	('>5k', 0.0)	('>10k+', 0.12186037460779335)
032024_COL_SAN_T5_146_DLAB_S12_R1_001_val_1	(1.0, 77.19847555982962)	(2.0, 13.175577563403715)	(3.0, 3.033724826627803)	(4.0, 1.091199658515946)	(5.0, 0.6567442344915689)	(6.0, 0.37407542238800334)	(7.0, 0.3065372110740536)	(8.0, 0.22887433410365365)	(9.0, 0.19708087814061234)	('>10', 1.8094379617504555)	('>50', 0.4586624226273587)	('>100', 0.7845574561483197)	('>500', 0.22546480674842748)	('>1k', 0.2106625384032675)	('>5k', 0.06894444371126324)	('>10k+', 0.17998068203595144)
032024_COL_SAN_T5_146_DLAB_S12_R2_001_val_2	(1.0, 76.63800864522372)	(2.0, 13.442848314035086)	(3.0, 3.124838441644915)	(4.0, 1.133508650800363)	(5.0, 0.6604385818451646)	(6.0, 0.41279735646331267)	(7.0, 0.2904337480610774)	(8.0, 0.2387642942755317)	(9.0, 0.199994812702912)	('>10', 1.8837792292841684)	('>50', 0.44717217560170924)	('>100', 0.8138970699435425)	('>500', 0.21981485720299113)	('>1k', 0.1944405848196977)	('>5k', 0.08789174299163983)	('>10k+', 0.21137149510412034)
032024_COL_SAN_T5_147_PSTR_S10_R1_001_val_1	(1.0, 73.30616236797577)	(2.0, 14.227408333403089)	(3.0, 3.6820135410418153)	(4.0, 1.4617351070392446)	(5.0, 0.8372937415137897)	(6.0, 0.549363294288998)	(7.0, 0.40888502980759983)	(8.0, 0.328195473874074)	(9.0, 0.2553757491834137)	('>10', 2.7339120303920437)	('>50', 0.7323227821940509)	('>100', 1.0413369868122242)	('>500', 0.21539158916072582)	('>1k', 0.20521767956626574)	('>5k', 0.015386293746992371)	('>10k+', 0.0)
032024_COL_SAN_T5_147_PSTR_S10_R2_001_val_2	(1.0, 72.18268021932309)	(2.0, 14.971608811936276)	(3.0, 3.812170796824104)	(4.0, 1.4452739738706797)	(5.0, 0.8549577403081003)	(6.0, 0.5841188578568105)	(7.0, 0.4417220237325037)	(8.0, 0.3310823949754633)	(9.0, 0.2923291637536739)	('>10', 2.820335022073962)	('>50', 0.7465309891413348)	('>100', 1.042624595565941)	('>500', 0.2266153499791005)	('>1k', 0.18540339896538144)	('>5k', 0.022223974533920044)	('>10k+', 0.04032268715970329)
032024_COL_SAN_T5_148_DLAB_S13_R1_001_val_1	(1.0, 75.7621411268486)	(2.0, 13.055470377587094)	(3.0, 2.8964359714769725)	(4.0, 1.117934080135777)	(5.0, 0.5724559870710859)	(6.0, 0.4135676763617328)	(7.0, 0.32818481640009806)	(8.0, 0.2516211158218207)	(9.0, 0.2258805311828432)	('>10', 2.6561280583898896)	('>50', 0.7730444136723076)	('>100', 1.1823576010531462)	('>500', 0.3554801670763811)	('>1k', 0.33820328216674206)	('>5k', 0.040275739311765424)	('>10k+', 0.030819055443705147)
032024_COL_SAN_T5_148_DLAB_S13_R2_001_val_2	(1.0, 74.90294329666375)	(2.0, 13.752310705846222)	(3.0, 2.919231787010911)	(4.0, 1.0787574417482058)	(5.0, 0.6140506066795364)	(6.0, 0.38851554756420614)	(7.0, 0.35898057843860287)	(8.0, 0.249535867281034)	(9.0, 0.24278598959752984)	('>10', 2.7395205813580956)	('>50', 0.7940873827517557)	('>100', 1.1666022204080584)	('>500', 0.3591328070114225)	('>1k', 0.31354124293458424)	('>5k', 0.017590382358929537)	('>10k+', 0.10241356234704578)
032024_COL_SAN_T5_149_DLAB_S14_R1_001_val_1	(1.0, 76.3727441108932)	(2.0, 13.31591855026616)	(3.0, 2.8650237569589967)	(4.0, 1.1683033318303666)	(5.0, 0.629950060450673)	(6.0, 0.45619701510533184)	(7.0, 0.3240072722302971)	(8.0, 0.24945701845883747)	(9.0, 0.2077319325562679)	('>10', 2.2454718274908645)	('>50', 0.5292702317042272)	('>100', 0.8068153348163468)	('>500', 0.28358036996094566)	('>1k', 0.19927695505135354)	('>5k', 0.05289969540858001)	('>10k+', 0.2933525368175866)
032024_COL_SAN_T5_149_DLAB_S14_R2_001_val_2	(1.0, 75.80728338141876)	(2.0, 13.701212698785026)	(3.0, 3.0837232074229126)	(4.0, 1.1003905344921707)	(5.0, 0.6556468300400081)	(6.0, 0.4550781282440152)	(7.0, 0.332890443297787)	(8.0, 0.2823100114053641)	(9.0, 0.19769236794983008)	('>10', 2.2398246029932025)	('>50', 0.4933261515260569)	('>100', 0.8412957459049141)	('>500', 0.23397072566690982)	('>1k', 0.17896305238395735)	('>5k', 0.04928017386017558)	('>10k+', 0.34711194460898387)
032024_COL_SAN_T5_150_MCAV_S8_R1_001_val_1	(1.0, 70.96802876698847)	(2.0, 15.037462081622591)	(3.0, 4.5065195453253954)	(4.0, 1.9345698421790316)	(5.0, 1.1551640702006916)	(6.0, 0.7193602695441198)	(7.0, 0.5169018206204862)	(8.0, 0.4172122677684042)	(9.0, 0.3644398204635228)	('>10', 2.657904744593701)	('>50', 0.5132452207506037)	('>100', 0.7575818467775094)	('>500', 0.20594127260711687)	('>1k', 0.23356036580387446)	('>5k', 0.012108064754470915)	('>10k+', 0.0)
032024_COL_SAN_T5_150_MCAV_S8_R2_001_val_2	(1.0, 70.00584322116697)	(2.0, 15.379708031688219)	(3.0, 4.64165515948734)	(4.0, 2.0766996642332525)	(5.0, 1.1253761629263739)	(6.0, 0.733803991510921)	(7.0, 0.5345035080536826)	(8.0, 0.4109060879927619)	(9.0, 0.3431616749151006)	('>10', 2.8798974531673474)	('>50', 0.5357600074454939)	('>100', 0.7865909065310854)	('>500', 0.24107176006658315)	('>1k', 0.228327266236006)	('>5k', 0.02428378563476951)	('>10k+', 0.05241131894407453)
032024_COL_SAN_T5_154_PSTR_S38_R1_001_val_1	(1.0, 57.17151070274914)	(2.0, 23.81427849362598)	(3.0, 8.40079775077059)	(4.0, 3.074622033143517)	(5.0, 1.3106395394702943)	(6.0, 0.7151005039380508)	(7.0, 0.44554874063391076)	(8.0, 0.34116052114008005)	(9.0, 0.23261271922389448)	('>10', 2.190555503105393)	('>50', 0.503395159869983)	('>100', 1.026172262017784)	('>500', 0.2804270327052141)	('>1k', 0.24924119375173778)	('>5k', 0.0574410406364457)	('>10k+', 0.1864968032178714)
032024_COL_SAN_T5_154_PSTR_S38_R2_001_val_2	(1.0, 55.22455339579233)	(2.0, 24.741039644014144)	(3.0, 9.026843423899113)	(4.0, 3.149878537980169)	(5.0, 1.310508297723159)	(6.0, 0.7737849756471781)	(7.0, 0.4734106959810455)	(8.0, 0.340129206353061)	(9.0, 0.2964769912976527)	('>10', 2.25477809188301)	('>50', 0.5547549816808851)	('>100', 1.0704304647660017)	('>500', 0.29540037472836295)	('>1k', 0.26279696339447334)	('>5k', 0.02374784952081385)	('>10k+', 0.20146610533866743)
032024_COL_SAN_T5_158_DLAB_S15_R1_001_val_1	(1.0, 76.80626895868409)	(2.0, 13.139772305255121)	(3.0, 2.8823513351753447)	(4.0, 1.0625930701893038)	(5.0, 0.5972925940918641)	(6.0, 0.42795501524055857)	(7.0, 0.3263173666567216)	(8.0, 0.26253786314188166)	(9.0, 0.2106579471423434)	('>10', 2.1331345412165232)	('>50', 0.6400139394247722)	('>100', 1.1776735183118925)	('>500', 0.23625066608827205)	('>1k', 0.09718087938143985)	('>5k', 0.0)	('>10k+', 0.0)
032024_COL_SAN_T5_158_DLAB_S15_R2_001_val_2	(1.0, 76.34329905569722)	(2.0, 13.335495979469943)	(3.0, 2.903670866316794)	(4.0, 1.1397882039335512)	(5.0, 0.6578581697278241)	(6.0, 0.4527034672350238)	(7.0, 0.3281391539763429)	(8.0, 0.26439702215303246)	(9.0, 0.22457887600394752)	('>10', 2.107475416664882)	('>50', 0.6684209038361307)	('>100', 1.190743114840628)	('>500', 0.2410746272877442)	('>1k', 0.08705957595082324)	('>5k', 0.0)	('>10k+', 0.05529556690617223)
032024_COL_SAN_T5_159_DLAB_S16_R1_001_val_1	(1.0, 76.23836106088507)	(2.0, 13.739372267793104)	(3.0, 3.107428130010476)	(4.0, 1.16286812071703)	(5.0, 0.6723886526020927)	(6.0, 0.47800655945342907)	(7.0, 0.3743502147077394)	(8.0, 0.27050210533168145)	(9.0, 0.22362071201432915)	('>10', 1.9464122880665526)	('>50', 0.5373752814674265)	('>100', 0.9021383260387154)	('>500', 0.1923845831791503)	('>1k', 0.1419549803555441)	('>5k', 0.012836717377506988)	('>10k+', 0.0)
032024_COL_SAN_T5_159_DLAB_S16_R2_001_val_2	(1.0, 75.89396499072795)	(2.0, 13.890691399971717)	(3.0, 3.0814814114687668)	(4.0, 1.2089938889120615)	(5.0, 0.7178796973569179)	(6.0, 0.5106752988451236)	(7.0, 0.3741076601068334)	(8.0, 0.2943562435534143)	(9.0, 0.2134549960200354)	('>10', 1.9635650869382009)	('>50', 0.5097301216155756)	('>100', 0.9458210025058573)	('>500', 0.17458376139536955)	('>1k', 0.13770553793340398)	('>5k', 0.01868454993145311)	('>10k+', 0.06430435271713703)
032024_COL_SAN_T5_160_DLAB_S41_R1_001_val_1	(1.0, 62.14837248248839)	(2.0, 20.064416318894903)	(3.0, 6.060509182294714)	(4.0, 2.202470957154849)	(5.0, 1.135823815464196)	(6.0, 0.6865069823995996)	(7.0, 0.48424760050016546)	(8.0, 0.4056214702591732)	(9.0, 0.28691014489644273)	('>10', 4.022004832552052)	('>50', 0.7932271901211216)	('>100', 1.1831944596607675)	('>500', 0.24153301277080366)	('>1k', 0.27616190026991483)	('>5k', 0.00899965027289712)	('>10k+', 0.0)
032024_COL_SAN_T5_160_DLAB_S41_R2_001_val_2	(1.0, 60.90217961572307)	(2.0, 20.802275265086212)	(3.0, 6.310077572249828)	(4.0, 2.194005939200053)	(5.0, 1.1495271388587232)	(6.0, 0.695331783173319)	(7.0, 0.5570097890808065)	(8.0, 0.3865528357650568)	(9.0, 0.3158305926446912)	('>10', 4.064964351825959)	('>50', 0.8716230021816143)	('>100', 1.1897724846993603)	('>500', 0.27674625586727875)	('>1k', 0.23999840064668165)	('>5k', 0.01317347528207154)	('>10k+', 0.03093149771534377)
032024_COL_SAN_T5_161_DLAB_S42_R1_001_val_1	(1.0, 65.2863952694664)	(2.0, 19.88622455474256)	(3.0, 5.961476590878148)	(4.0, 2.148205038714122)	(5.0, 1.0208795512438302)	(6.0, 0.5627585268629949)	(7.0, 0.4150991093391613)	(8.0, 0.34731467228024815)	(9.0, 0.31950247356242695)	('>10', 2.445507847049343)	('>50', 0.5009111753476365)	('>100', 0.6998875019967151)	('>500', 0.2230986733026545)	('>1k', 0.18273901521379576)	('>5k', 0.0)	('>10k+', 0.0)
032024_COL_SAN_T5_161_DLAB_S42_R2_001_val_2	(1.0, 63.724030036186775)	(2.0, 20.931002678757807)	(3.0, 6.175199696226633)	(4.0, 2.203483195399376)	(5.0, 1.0056125719399542)	(6.0, 0.666526686588755)	(7.0, 0.48298012480892444)	(8.0, 0.3702322171690178)	(9.0, 0.2953825191197332)	('>10', 2.5157899608401286)	('>50', 0.47891790783787386)	('>100', 0.7284053926574893)	('>500', 0.21569115523272037)	('>1k', 0.16518587962658554)	('>5k', 0.0)	('>10k+', 0.04155997760839683)
032024_COL_SAN_T5_162_PSTR_S39_R1_001_val_1	(1.0, 55.18378350377445)	(2.0, 23.4457667356683)	(3.0, 8.441933781499717)	(4.0, 3.112133289864333)	(5.0, 1.3481890746142855)	(6.0, 0.8546709005701021)	(7.0, 0.5532422347471467)	(8.0, 0.43133447700745503)	(9.0, 0.33811747630166944)	('>10', 3.2119184939004763)	('>50', 0.5346577284480892)	('>100', 1.0713226733938228)	('>500', 0.5454802988002795)	('>1k', 0.7473426918736613)	('>5k', 0.10634707480026653)	('>10k+', 0.07375956473607893)
032024_COL_SAN_T5_162_PSTR_S39_R2_001_val_2	(1.0, 53.20037314140005)	(2.0, 24.541588271203278)	(3.0, 8.822413728408604)	(4.0, 3.2538060483469797)	(5.0, 1.500460147513723)	(6.0, 0.8722462594735773)	(7.0, 0.5927741023487586)	(8.0, 0.44708695680604055)	(9.0, 0.3370107284405311)	('>10', 3.234191004868905)	('>50', 0.598373491682248)	('>100', 1.0727558400030068)	('>500', 0.5813192732255266)	('>1k', 0.7692782246300831)	('>5k', 0.08410244603760508)	('>10k+', 0.09222033561109558)
032024_COL_SAN_T5_163_PSTR_S11_R1_001_val_1	(1.0, 75.63938647288442)	(2.0, 13.96511404500761)	(3.0, 3.269878872290904)	(4.0, 1.2016266969157516)	(5.0, 0.7169215903761311)	(6.0, 0.47343684348036325)	(7.0, 0.3266380425932494)	(8.0, 0.26278377882523163)	(9.0, 0.19377712766995525)	('>10', 2.0699250004755765)	('>50', 0.5595506836142632)	('>100', 1.1388295539918962)	('>500', 0.1739780634427799)	('>1k', 0.008153228431875085)	('>5k', 0.0)	('>10k+', 0.0)
032024_COL_SAN_T5_163_PSTR_S11_R2_001_val_2	(1.0, 75.09230750837222)	(2.0, 14.340024661628675)	(3.0, 3.24136026742483)	(4.0, 1.239218485996436)	(5.0, 0.7401058896324397)	(6.0, 0.43692440002561733)	(7.0, 0.3422945792281065)	(8.0, 0.27552150851631835)	(9.0, 0.22265093903894717)	('>10', 2.07629239575014)	('>50', 0.5672426899486077)	('>100', 1.1317576324788534)	('>500', 0.16587669924537898)	('>1k', 0.01892128304331272)	('>5k', 0.0)	('>10k+', 0.10950105967006635)
032024_COL_SAN_T5_166_OFAV_S20_R1_001_val_1	(1.0, 77.06825435612565)	(2.0, 13.693736722358492)	(3.0, 3.1066717857562516)	(4.0, 1.084122086758928)	(5.0, 0.6471991977506792)	(6.0, 0.39405207778094614)	(7.0, 0.28398998762193234)	(8.0, 0.2510799459018656)	(9.0, 0.2120849250922234)	('>10', 2.2156960765196585)	('>50', 0.7365273869787063)	('>100', 0.30148099400568024)	('>500', 0.005104457348966479)	('>1k', 0.0)	('>5k', 0.0)	('>10k+', 0.0)
032024_COL_SAN_T5_166_OFAV_S20_R2_001_val_2	(1.0, 76.50643374997632)	(2.0, 13.982904936075121)	(3.0, 3.1174072362861405)	(4.0, 1.111275315519134)	(5.0, 0.6431081236347231)	(6.0, 0.38738253102193915)	(7.0, 0.3065536143472212)	(8.0, 0.27472072681661686)	(9.0, 0.2037007621161415)	('>10', 2.230321279887446)	('>50', 0.7334886388598759)	('>100', 0.3239148741965534)	('>500', 0.012860599552778327)	('>1k', 0.011165566533026227)	('>5k', 0.0)	('>10k+', 0.15476204517693679)
032024_COL_SAN_T5_167_OFAV_S21_R1_001_val_1	(1.0, 77.5560010466823)	(2.0, 13.945074204595501)	(3.0, 3.088857091001446)	(4.0, 1.080992794049894)	(5.0, 0.617705408512471)	(6.0, 0.38039878100899127)	(7.0, 0.3144440173633952)	(8.0, 0.25641188326953385)	(9.0, 0.2153825864724053)	('>10', 2.2627474176395332)	('>50', 0.2457114062982277)	('>100', 0.034668667407416184)	('>500', 0.0016046956988345698)	('>1k', 0.0)	('>5k', 0.0)	('>10k+', 0.0)
032024_COL_SAN_T5_167_OFAV_S21_R2_001_val_2	(1.0, 77.41103886939953)	(2.0, 13.987708513839179)	(3.0, 2.9795752813738927)	(4.0, 1.1621254365886031)	(5.0, 0.5846012754013754)	(6.0, 0.4328431683727872)	(7.0, 0.2918364915142928)	(8.0, 0.2379000949773672)	(9.0, 0.20898212651364484)	('>10', 2.2254699736329693)	('>50', 0.235797796858088)	('>100', 0.06656882781941192)	('>500', 0.003987963465240952)	('>1k', 0.012095210975724462)	('>5k', 0.0)	('>10k+', 0.15946896926787524)
