Sample	0	1	2	3	4	5	6	7	8	9	10	11	12	13	14	15	16	17	18	19	20	21	22	23	24	25	26
032024_COL_SAN_T5_128_MCAV_S1_R1_001_val_1	(20, 7129.0)	(25, 20766.0)	(30, 16783.0)	(35, 19592.0)	(40, 24682.0)	(45, 30116.0)	(50, 38588.0)	(55, 49417.0)	(60, 64427.0)	(65, 84173.0)	(70, 111936.0)	(75, 148812.0)	(80, 200532.0)	(85, 267055.0)	(90, 355074.0)	(95, 466625.0)	(100, 608954.0)	(105, 775912.0)	(110, 977791.0)	(115, 1200043.0)	(120, 1454444.0)	(125, 1711889.0)	(130, 1981029.0)	(135, 2250410.0)	(140, 2505476.0)	(145, 8129640.0)	(150, 51079433.0)
032024_COL_SAN_T5_128_MCAV_S1_R2_001_val_2	(20, 26879.0)	(25, 37603.0)	(30, 23277.0)	(35, 23795.0)	(40, 27959.0)	(45, 34401.0)	(50, 43327.0)	(55, 55292.0)	(60, 71464.0)	(65, 92374.0)	(70, 121682.0)	(75, 159617.0)	(80, 211755.0)	(85, 279415.0)	(90, 367361.0)	(95, 478296.0)	(100, 619977.0)	(105, 786298.0)	(110, 986698.0)	(115, 1207874.0)	(120, 1460717.0)	(125, 1717398.0)	(130, 1985910.0)	(135, 2257756.0)	(140, 2525955.0)	(145, 8104482.0)	(150, 50873166.0)
032024_COL_SAN_T5_129_MCAV_S2_R1_001_val_1	(20, 6782.0)	(25, 20260.0)	(30, 16056.0)	(35, 17224.0)	(40, 20283.0)	(45, 23385.0)	(50, 27278.0)	(55, 32966.0)	(60, 40315.0)	(65, 50426.0)	(70, 64116.0)	(75, 82882.0)	(80, 109904.0)	(85, 145483.0)	(90, 195129.0)	(95, 261128.0)	(100, 350358.0)	(105, 462512.0)	(110, 602966.0)	(115, 766537.0)	(120, 962383.0)	(125, 1174853.0)	(130, 1410199.0)	(135, 1659503.0)	(140, 1927140.0)	(145, 7845452.0)	(150, 53393800.0)
032024_COL_SAN_T5_129_MCAV_S2_R2_001_val_2	(20, 29163.0)	(25, 39536.0)	(30, 22855.0)	(35, 21901.0)	(40, 23663.0)	(45, 26930.0)	(50, 31778.0)	(55, 37667.0)	(60, 46009.0)	(65, 57373.0)	(70, 72240.0)	(75, 92245.0)	(80, 120097.0)	(85, 157041.0)	(90, 206785.0)	(95, 273771.0)	(100, 363248.0)	(105, 474769.0)	(110, 614965.0)	(115, 777603.0)	(120, 972253.0)	(125, 1184576.0)	(130, 1420513.0)	(135, 1671904.0)	(140, 1949489.0)	(145, 7875703.0)	(150, 53105243.0)
032024_COL_SAN_T5_130_MCAV_S37_R1_001_val_1	(20, 8332.0)	(25, 25026.0)	(30, 20138.0)	(35, 23321.0)	(40, 27961.0)	(45, 33756.0)	(50, 42100.0)	(55, 53849.0)	(60, 71427.0)	(65, 94701.0)	(70, 129406.0)	(75, 179501.0)	(80, 249924.0)	(85, 347282.0)	(90, 481792.0)	(95, 661068.0)	(100, 901461.0)	(105, 1198079.0)	(110, 1552367.0)	(115, 1966221.0)	(120, 2403159.0)	(125, 2823496.0)	(130, 3237561.0)	(135, 3600030.0)	(140, 3870832.0)	(145, 9882166.0)	(150, 54686935.0)
032024_COL_SAN_T5_130_MCAV_S37_R2_001_val_2	(20, 33587.0)	(25, 46206.0)	(30, 27826.0)	(35, 27486.0)	(40, 31472.0)	(45, 37455.0)	(50, 46367.0)	(55, 58978.0)	(60, 78856.0)	(65, 103030.0)	(70, 139882.0)	(75, 191458.0)	(80, 263208.0)	(85, 360702.0)	(90, 495515.0)	(95, 673985.0)	(100, 914176.0)	(105, 1208451.0)	(110, 1560471.0)	(115, 1973874.0)	(120, 2408728.0)	(125, 2829068.0)	(130, 3243024.0)	(135, 3609070.0)	(140, 3897599.0)	(145, 9889195.0)	(150, 54422222.0)
032024_COL_SAN_T5_131_MCAV_S3_R1_001_val_1	(20, 4630.0)	(25, 13383.0)	(30, 11066.0)	(35, 12780.0)	(40, 14536.0)	(45, 16596.0)	(50, 19440.0)	(55, 22978.0)	(60, 27943.0)	(65, 33582.0)	(70, 42570.0)	(75, 53895.0)	(80, 69842.0)	(85, 92231.0)	(90, 122842.0)	(95, 162837.0)	(100, 216311.0)	(105, 284593.0)	(110, 372107.0)	(115, 474173.0)	(120, 596182.0)	(125, 730492.0)	(130, 878302.0)	(135, 1036394.0)	(140, 1209938.0)	(145, 5920598.0)	(150, 42633630.0)
032024_COL_SAN_T5_131_MCAV_S3_R2_001_val_2	(20, 22497.0)	(25, 30693.0)	(30, 17744.0)	(35, 16864.0)	(40, 17845.0)	(45, 20062.0)	(50, 23731.0)	(55, 27613.0)	(60, 33487.0)	(65, 40078.0)	(70, 50131.0)	(75, 62163.0)	(80, 78682.0)	(85, 101499.0)	(90, 131876.0)	(95, 172231.0)	(100, 224966.0)	(105, 293165.0)	(110, 379394.0)	(115, 482252.0)	(120, 603400.0)	(125, 738157.0)	(130, 887807.0)	(135, 1047093.0)	(140, 1232132.0)	(145, 5943086.0)	(150, 42395223.0)
032024_COL_SAN_T5_132_MCAV_S4_R1_001_val_1	(20, 7255.0)	(25, 21385.0)	(30, 17411.0)	(35, 20026.0)	(40, 24505.0)	(45, 30279.0)	(50, 39382.0)	(55, 52219.0)	(60, 71912.0)	(65, 101207.0)	(70, 145256.0)	(75, 207541.0)	(80, 293322.0)	(85, 408939.0)	(90, 556772.0)	(95, 736712.0)	(100, 949373.0)	(105, 1185945.0)	(110, 1442493.0)	(115, 1697896.0)	(120, 1954499.0)	(125, 2196443.0)	(130, 2407856.0)	(135, 2602744.0)	(140, 2785794.0)	(145, 9289776.0)	(150, 58366905.0)
032024_COL_SAN_T5_132_MCAV_S4_R2_001_val_2	(20, 35010.0)	(25, 47456.0)	(30, 26942.0)	(35, 26327.0)	(40, 29573.0)	(45, 35203.0)	(50, 44891.0)	(55, 58670.0)	(60, 79178.0)	(65, 109637.0)	(70, 154815.0)	(75, 217517.0)	(80, 304238.0)	(85, 420577.0)	(90, 568247.0)	(95, 748269.0)	(100, 960371.0)	(105, 1195105.0)	(110, 1450624.0)	(115, 1705600.0)	(120, 1960403.0)	(125, 2202636.0)	(130, 2415345.0)	(135, 2612544.0)	(140, 2806628.0)	(145, 9243396.0)	(150, 58154645.0)
032024_COL_SAN_T5_133_MCAV_S5_R1_001_val_1	(20, 6706.0)	(25, 19172.0)	(30, 15371.0)	(35, 18364.0)	(40, 22407.0)	(45, 28355.0)	(50, 36153.0)	(55, 47523.0)	(60, 63728.0)	(65, 85376.0)	(70, 115420.0)	(75, 155443.0)	(80, 208847.0)	(85, 278834.0)	(90, 367882.0)	(95, 478545.0)	(100, 616454.0)	(105, 777290.0)	(110, 965912.0)	(115, 1173669.0)	(120, 1401257.0)	(125, 1627785.0)	(130, 1850249.0)	(135, 2052778.0)	(140, 2231321.0)	(145, 7255237.0)	(150, 46010554.0)
032024_COL_SAN_T5_133_MCAV_S5_R2_001_val_2	(20, 28970.0)	(25, 39521.0)	(30, 23350.0)	(35, 22709.0)	(40, 25747.0)	(45, 32178.0)	(50, 40098.0)	(55, 51463.0)	(60, 68455.0)	(65, 90833.0)	(70, 121545.0)	(75, 161931.0)	(80, 215884.0)	(85, 286458.0)	(90, 375104.0)	(95, 486376.0)	(100, 623206.0)	(105, 782885.0)	(110, 970676.0)	(115, 1177129.0)	(120, 1403596.0)	(125, 1629839.0)	(130, 1851868.0)	(135, 2056896.0)	(140, 2243515.0)	(145, 7262540.0)	(150, 45837860.0)
032024_COL_SAN_T5_134_MCAV_S6_R1_001_val_1	(20, 6837.0)	(25, 20394.0)	(30, 16467.0)	(35, 18735.0)	(40, 21715.0)	(45, 25136.0)	(50, 30112.0)	(55, 36300.0)	(60, 45879.0)	(65, 57035.0)	(70, 73758.0)	(75, 95418.0)	(80, 126486.0)	(85, 167610.0)	(90, 222642.0)	(95, 292974.0)	(100, 385187.0)	(105, 499223.0)	(110, 638928.0)	(115, 796747.0)	(120, 988159.0)	(125, 1196510.0)	(130, 1425500.0)	(135, 1668076.0)	(140, 1939293.0)	(145, 8543113.0)	(150, 58158702.0)
032024_COL_SAN_T5_134_MCAV_S6_R2_001_val_2	(20, 32446.0)	(25, 43644.0)	(30, 25439.0)	(35, 24321.0)	(40, 26196.0)	(45, 30210.0)	(50, 35773.0)	(55, 42957.0)	(60, 53462.0)	(65, 66215.0)	(70, 84861.0)	(75, 107797.0)	(80, 139563.0)	(85, 180929.0)	(90, 236082.0)	(95, 307191.0)	(100, 398974.0)	(105, 512001.0)	(110, 651287.0)	(115, 808092.0)	(120, 998856.0)	(125, 1207772.0)	(130, 1437932.0)	(135, 1682270.0)	(140, 1971237.0)	(145, 8466342.0)	(150, 57925087.0)
032024_COL_SAN_T5_136_MCAV_S7_R1_001_val_1	(20, 6593.0)	(25, 19881.0)	(30, 16228.0)	(35, 18146.0)	(40, 20965.0)	(45, 24290.0)	(50, 28351.0)	(55, 33987.0)	(60, 42149.0)	(65, 51911.0)	(70, 66473.0)	(75, 86889.0)	(80, 114802.0)	(85, 154445.0)	(90, 209546.0)	(95, 281400.0)	(100, 380847.0)	(105, 505319.0)	(110, 665276.0)	(115, 855784.0)	(120, 1087414.0)	(125, 1348218.0)	(130, 1642453.0)	(135, 1958091.0)	(140, 2291887.0)	(145, 8606173.0)	(150, 56420303.0)
032024_COL_SAN_T5_136_MCAV_S7_R2_001_val_2	(20, 30885.0)	(25, 41929.0)	(30, 24717.0)	(35, 23761.0)	(40, 25823.0)	(45, 29631.0)	(50, 34301.0)	(55, 40937.0)	(60, 50287.0)	(65, 61145.0)	(70, 77327.0)	(75, 98806.0)	(80, 127892.0)	(85, 168240.0)	(90, 222979.0)	(95, 294902.0)	(100, 394125.0)	(105, 517698.0)	(110, 676025.0)	(115, 865044.0)	(120, 1095926.0)	(125, 1356228.0)	(130, 1650367.0)	(135, 1969456.0)	(140, 2314695.0)	(145, 8627080.0)	(150, 56117615.0)
032024_COL_SAN_T5_139_OFAV_S17_R1_001_val_1	(20, 4049.0)	(25, 12280.0)	(30, 10758.0)	(35, 12068.0)	(40, 13827.0)	(45, 15825.0)	(50, 18499.0)	(55, 21877.0)	(60, 26139.0)	(65, 31669.0)	(70, 38719.0)	(75, 48408.0)	(80, 60811.0)	(85, 76807.0)	(90, 97700.0)	(95, 122701.0)	(100, 155333.0)	(105, 193117.0)	(110, 238913.0)	(115, 289046.0)	(120, 345717.0)	(125, 407922.0)	(130, 475164.0)	(135, 553614.0)	(140, 656854.0)	(145, 5945220.0)	(150, 47322727.0)
032024_COL_SAN_T5_139_OFAV_S17_R2_001_val_2	(20, 29664.0)	(25, 42750.0)	(30, 21075.0)	(35, 18566.0)	(40, 18825.0)	(45, 20286.0)	(50, 22690.0)	(55, 26115.0)	(60, 30461.0)	(65, 36463.0)	(70, 43784.0)	(75, 53833.0)	(80, 66294.0)	(85, 82568.0)	(90, 103864.0)	(95, 129209.0)	(100, 161018.0)	(105, 199281.0)	(110, 245078.0)	(115, 295916.0)	(120, 352700.0)	(125, 415625.0)	(130, 484372.0)	(135, 566082.0)	(140, 682246.0)	(145, 5967464.0)	(150, 47079535.0)
032024_COL_SAN_T5_140_OFAV_S18_R1_001_val_1	(20, 4125.0)	(25, 12316.0)	(30, 10381.0)	(35, 11348.0)	(40, 12788.0)	(45, 14344.0)	(50, 16322.0)	(55, 18823.0)	(60, 22265.0)	(65, 26581.0)	(70, 32384.0)	(75, 40454.0)	(80, 50769.0)	(85, 64880.0)	(90, 83584.0)	(95, 109128.0)	(100, 140391.0)	(105, 179536.0)	(110, 228542.0)	(115, 286203.0)	(120, 353035.0)	(125, 428387.0)	(130, 513231.0)	(135, 609551.0)	(140, 730467.0)	(145, 5727916.0)	(150, 44826458.0)
032024_COL_SAN_T5_140_OFAV_S18_R2_001_val_2	(20, 27466.0)	(25, 39295.0)	(30, 19804.0)	(35, 17095.0)	(40, 17240.0)	(45, 18161.0)	(50, 19986.0)	(55, 22688.0)	(60, 26276.0)	(65, 30609.0)	(70, 36660.0)	(75, 44988.0)	(80, 55384.0)	(85, 70221.0)	(90, 88635.0)	(95, 114417.0)	(100, 145168.0)	(105, 184682.0)	(110, 233200.0)	(115, 291416.0)	(120, 358515.0)	(125, 434194.0)	(130, 520176.0)	(135, 618436.0)	(140, 749121.0)	(145, 5733808.0)	(150, 44636568.0)
032024_COL_SAN_T5_141_OFAV_S19_R1_001_val_1	(20, 3606.0)	(25, 11199.0)	(30, 9750.0)	(35, 10962.0)	(40, 12819.0)	(45, 14892.0)	(50, 17303.0)	(55, 20551.0)	(60, 24445.0)	(65, 29566.0)	(70, 36630.0)	(75, 46004.0)	(80, 58190.0)	(85, 74354.0)	(90, 93965.0)	(95, 119541.0)	(100, 152480.0)	(105, 189581.0)	(110, 234227.0)	(115, 285579.0)	(120, 341010.0)	(125, 402151.0)	(130, 467802.0)	(135, 540014.0)	(140, 636344.0)	(145, 5263043.0)	(150, 41332016.0)
032024_COL_SAN_T5_141_OFAV_S19_R2_001_val_2	(20, 29772.0)	(25, 43398.0)	(30, 20748.0)	(35, 18166.0)	(40, 18073.0)	(45, 19090.0)	(50, 21424.0)	(55, 24784.0)	(60, 28568.0)	(65, 33771.0)	(70, 41024.0)	(75, 50943.0)	(80, 63798.0)	(85, 79744.0)	(90, 99495.0)	(95, 126059.0)	(100, 158097.0)	(105, 195539.0)	(110, 240092.0)	(115, 291986.0)	(120, 347339.0)	(125, 409742.0)	(130, 476888.0)	(135, 552663.0)	(140, 662517.0)	(145, 5316216.0)	(150, 41058088.0)
032024_COL_SAN_T5_143_DLAB_S40_R1_001_val_1	(20, 6517.0)	(25, 18374.0)	(30, 15957.0)	(35, 20532.0)	(40, 27142.0)	(45, 35513.0)	(50, 46304.0)	(55, 60424.0)	(60, 78408.0)	(65, 101996.0)	(70, 133575.0)	(75, 174955.0)	(80, 226696.0)	(85, 294769.0)	(90, 381365.0)	(95, 490390.0)	(100, 625995.0)	(105, 791265.0)	(110, 982220.0)	(115, 1196572.0)	(120, 1434387.0)	(125, 1695776.0)	(130, 1956700.0)	(135, 2217015.0)	(140, 2476344.0)	(145, 8593221.0)	(150, 54276311.0)
032024_COL_SAN_T5_143_DLAB_S40_R2_001_val_2	(20, 29750.0)	(25, 41138.0)	(30, 24460.0)	(35, 26050.0)	(40, 31057.0)	(45, 39428.0)	(50, 50101.0)	(55, 64540.0)	(60, 82717.0)	(65, 106951.0)	(70, 138329.0)	(75, 180512.0)	(80, 232781.0)	(85, 300975.0)	(90, 387126.0)	(95, 495878.0)	(100, 630620.0)	(105, 795449.0)	(110, 985700.0)	(115, 1199336.0)	(120, 1435548.0)	(125, 1698435.0)	(130, 1959136.0)	(135, 2220890.0)	(140, 2488372.0)	(145, 8596088.0)	(150, 54117356.0)
032024_COL_SAN_T5_144_PSTR_S9_R1_001_val_1	(20, 4211.0)	(25, 12064.0)	(30, 9731.0)	(35, 10859.0)	(40, 12238.0)	(45, 13669.0)	(50, 15676.0)	(55, 18176.0)	(60, 21084.0)	(65, 24436.0)	(70, 29453.0)	(75, 36220.0)	(80, 45186.0)	(85, 56505.0)	(90, 72930.0)	(95, 94700.0)	(100, 122600.0)	(105, 158511.0)	(110, 202608.0)	(115, 256555.0)	(120, 319004.0)	(125, 391755.0)	(130, 474192.0)	(135, 574874.0)	(140, 703519.0)	(145, 6344684.0)	(150, 50331374.0)
032024_COL_SAN_T5_144_PSTR_S9_R2_001_val_2	(20, 28497.0)	(25, 40430.0)	(30, 20194.0)	(35, 17927.0)	(40, 18047.0)	(45, 19378.0)	(50, 21313.0)	(55, 24159.0)	(60, 27645.0)	(65, 32009.0)	(70, 37514.0)	(75, 44559.0)	(80, 54115.0)	(85, 65871.0)	(90, 82277.0)	(95, 104106.0)	(100, 131526.0)	(105, 166846.0)	(110, 211447.0)	(115, 264651.0)	(120, 327207.0)	(125, 400129.0)	(130, 483394.0)	(135, 588147.0)	(140, 727099.0)	(145, 6326248.0)	(150, 50092079.0)
032024_COL_SAN_T5_146_DLAB_S12_R1_001_val_1	(20, 4927.0)	(25, 14341.0)	(30, 13009.0)	(35, 16533.0)	(40, 21482.0)	(45, 27562.0)	(50, 34830.0)	(55, 44575.0)	(60, 57445.0)	(65, 74410.0)	(70, 95904.0)	(75, 124898.0)	(80, 162119.0)	(85, 208269.0)	(90, 264801.0)	(95, 335604.0)	(100, 420870.0)	(105, 519036.0)	(110, 632503.0)	(115, 754428.0)	(120, 885339.0)	(125, 1024614.0)	(130, 1160046.0)	(135, 1295643.0)	(140, 1439615.0)	(145, 5727352.0)	(150, 38703964.0)
032024_COL_SAN_T5_146_DLAB_S12_R2_001_val_2	(20, 22175.0)	(25, 30820.0)	(30, 19497.0)	(35, 20669.0)	(40, 24658.0)	(45, 30659.0)	(50, 38191.0)	(55, 48406.0)	(60, 61395.0)	(65, 78888.0)	(70, 100515.0)	(75, 130084.0)	(80, 167495.0)	(85, 214412.0)	(90, 270367.0)	(95, 341064.0)	(100, 425743.0)	(105, 523882.0)	(110, 635800.0)	(115, 757307.0)	(120, 887345.0)	(125, 1026907.0)	(130, 1161552.0)	(135, 1299052.0)	(140, 1450896.0)	(145, 5702300.0)	(150, 38594040.0)
032024_COL_SAN_T5_147_PSTR_S10_R1_001_val_1	(20, 5194.0)	(25, 15374.0)	(30, 13680.0)	(35, 18453.0)	(40, 25599.0)	(45, 35156.0)	(50, 49212.0)	(55, 69201.0)	(60, 96811.0)	(65, 136260.0)	(70, 190683.0)	(75, 262730.0)	(80, 359582.0)	(85, 480527.0)	(90, 630364.0)	(95, 810319.0)	(100, 1020885.0)	(105, 1251025.0)	(110, 1498524.0)	(115, 1741588.0)	(120, 1971172.0)	(125, 2179175.0)	(130, 2348363.0)	(135, 2475284.0)	(140, 2556316.0)	(145, 6050386.0)	(150, 32337285.0)
032024_COL_SAN_T5_147_PSTR_S10_R2_001_val_2	(20, 22883.0)	(25, 31564.0)	(30, 19934.0)	(35, 22384.0)	(40, 28232.0)	(45, 37693.0)	(50, 51856.0)	(55, 71532.0)	(60, 99779.0)	(65, 139670.0)	(70, 194090.0)	(75, 266871.0)	(80, 363389.0)	(85, 484595.0)	(90, 634203.0)	(95, 813821.0)	(100, 1023413.0)	(105, 1252526.0)	(110, 1498314.0)	(115, 1741106.0)	(120, 1968355.0)	(125, 2176475.0)	(130, 2345429.0)	(135, 2474917.0)	(140, 2561087.0)	(145, 6048097.0)	(150, 32256933.0)
032024_COL_SAN_T5_148_DLAB_S13_R1_001_val_1	(20, 4736.0)	(25, 13502.0)	(30, 11894.0)	(35, 15209.0)	(40, 19769.0)	(45, 25274.0)	(50, 31957.0)	(55, 40541.0)	(60, 50831.0)	(65, 65352.0)	(70, 83288.0)	(75, 105662.0)	(80, 133944.0)	(85, 169441.0)	(90, 212590.0)	(95, 265329.0)	(100, 329388.0)	(105, 405478.0)	(110, 496747.0)	(115, 597055.0)	(120, 710968.0)	(125, 842049.0)	(130, 977777.0)	(135, 1124830.0)	(140, 1293279.0)	(145, 5732642.0)	(150, 39541124.0)
032024_COL_SAN_T5_148_DLAB_S13_R2_001_val_2	(20, 22648.0)	(25, 31019.0)	(30, 18834.0)	(35, 19537.0)	(40, 23262.0)	(45, 28580.0)	(50, 35302.0)	(55, 44402.0)	(60, 55182.0)	(65, 70056.0)	(70, 88378.0)	(75, 111088.0)	(80, 139715.0)	(85, 175232.0)	(90, 218376.0)	(95, 271453.0)	(100, 334684.0)	(105, 410470.0)	(110, 500580.0)	(115, 600276.0)	(120, 713983.0)	(125, 844481.0)	(130, 980152.0)	(135, 1129118.0)	(140, 1304691.0)	(145, 5713435.0)	(150, 39415722.0)
032024_COL_SAN_T5_149_DLAB_S14_R1_001_val_1	(20, 5529.0)	(25, 15467.0)	(30, 13807.0)	(35, 17622.0)	(40, 23518.0)	(45, 30280.0)	(50, 37465.0)	(55, 47857.0)	(60, 60480.0)	(65, 75798.0)	(70, 95628.0)	(75, 120342.0)	(80, 150691.0)	(85, 187926.0)	(90, 235630.0)	(95, 288765.0)	(100, 355727.0)	(105, 434386.0)	(110, 523602.0)	(115, 622989.0)	(120, 735385.0)	(125, 853206.0)	(130, 979265.0)	(135, 1109974.0)	(140, 1263061.0)	(145, 6202801.0)	(150, 44429054.0)
032024_COL_SAN_T5_149_DLAB_S14_R2_001_val_2	(20, 24534.0)	(25, 33607.0)	(30, 20591.0)	(35, 22167.0)	(40, 26422.0)	(45, 33418.0)	(50, 41276.0)	(55, 51599.0)	(60, 65049.0)	(65, 81053.0)	(70, 101170.0)	(75, 127278.0)	(80, 158205.0)	(85, 196159.0)	(90, 243931.0)	(95, 298219.0)	(100, 363327.0)	(105, 441806.0)	(110, 530479.0)	(115, 629299.0)	(120, 740592.0)	(125, 858029.0)	(130, 984472.0)	(135, 1116868.0)	(140, 1277921.0)	(145, 6206474.0)	(150, 44242310.0)
032024_COL_SAN_T5_150_MCAV_S8_R1_001_val_1	(20, 6080.0)	(25, 17921.0)	(30, 14068.0)	(35, 15481.0)	(40, 18192.0)	(45, 21245.0)	(50, 25342.0)	(55, 31235.0)	(60, 39209.0)	(65, 50349.0)	(70, 66635.0)	(75, 89026.0)	(80, 120490.0)	(85, 162954.0)	(90, 222490.0)	(95, 300460.0)	(100, 403500.0)	(105, 523623.0)	(110, 670684.0)	(115, 836335.0)	(120, 1020817.0)	(125, 1212414.0)	(130, 1414382.0)	(135, 1616887.0)	(140, 1830584.0)	(145, 7961894.0)	(150, 55379124.0)
032024_COL_SAN_T5_150_MCAV_S8_R2_001_val_2	(20, 29516.0)	(25, 40479.0)	(30, 21894.0)	(35, 20517.0)	(40, 21625.0)	(45, 24225.0)	(50, 28598.0)	(55, 34863.0)	(60, 43496.0)	(65, 54958.0)	(70, 71937.0)	(75, 94514.0)	(80, 126323.0)	(85, 169374.0)	(90, 228877.0)	(95, 306835.0)	(100, 409411.0)	(105, 528700.0)	(110, 675618.0)	(115, 840658.0)	(120, 1025146.0)	(125, 1216175.0)	(130, 1419080.0)	(135, 1623040.0)	(140, 1845544.0)	(145, 7922214.0)	(150, 55247804.0)
032024_COL_SAN_T5_154_PSTR_S38_R1_001_val_1	(20, 5249.0)	(25, 16047.0)	(30, 21868.0)	(35, 39638.0)	(40, 61982.0)	(45, 91142.0)	(50, 127228.0)	(55, 174330.0)	(60, 234329.0)	(65, 312433.0)	(70, 414418.0)	(75, 545183.0)	(80, 702548.0)	(85, 899232.0)	(90, 1137019.0)	(95, 1405050.0)	(100, 1725346.0)	(105, 2057826.0)	(110, 2435912.0)	(115, 2806169.0)	(120, 3153851.0)	(125, 3476789.0)	(130, 3725856.0)	(135, 3893609.0)	(140, 3950905.0)	(145, 6501861.0)	(150, 24382995.0)
032024_COL_SAN_T5_154_PSTR_S38_R2_001_val_2	(20, 16975.0)	(25, 24694.0)	(30, 24890.0)	(35, 41036.0)	(40, 62633.0)	(45, 91593.0)	(50, 127875.0)	(55, 174800.0)	(60, 234788.0)	(65, 313266.0)	(70, 415262.0)	(75, 546186.0)	(80, 703695.0)	(85, 900786.0)	(90, 1138737.0)	(95, 1405677.0)	(100, 1725663.0)	(105, 2055984.0)	(110, 2432747.0)	(115, 2801594.0)	(120, 3148724.0)	(125, 3471052.0)	(130, 3719144.0)	(135, 3891382.0)	(140, 3957681.0)	(145, 6518604.0)	(150, 24353347.0)
032024_COL_SAN_T5_158_DLAB_S15_R1_001_val_1	(20, 3769.0)	(25, 11063.0)	(30, 8863.0)	(35, 9966.0)	(40, 11565.0)	(45, 13893.0)	(50, 16723.0)	(55, 19916.0)	(60, 25046.0)	(65, 31813.0)	(70, 41094.0)	(75, 53458.0)	(80, 70266.0)	(85, 92516.0)	(90, 122864.0)	(95, 161186.0)	(100, 212312.0)	(105, 273272.0)	(110, 351664.0)	(115, 444859.0)	(120, 551811.0)	(125, 677172.0)	(130, 813663.0)	(135, 964801.0)	(140, 1130667.0)	(145, 5244373.0)	(150, 36800436.0)
032024_COL_SAN_T5_158_DLAB_S15_R2_001_val_2	(20, 19670.0)	(25, 26632.0)	(30, 14677.0)	(35, 13787.0)	(40, 14390.0)	(45, 16699.0)	(50, 19515.0)	(55, 22940.0)	(60, 28319.0)	(65, 35233.0)	(70, 44696.0)	(75, 57568.0)	(80, 74162.0)	(85, 96672.0)	(90, 126679.0)	(95, 165335.0)	(100, 215916.0)	(105, 276813.0)	(110, 354964.0)	(115, 447411.0)	(120, 554132.0)	(125, 679254.0)	(130, 816236.0)	(135, 968535.0)	(140, 1139954.0)	(145, 5217786.0)	(150, 36711056.0)
032024_COL_SAN_T5_159_DLAB_S16_R1_001_val_1	(20, 4336.0)	(25, 12503.0)	(30, 10353.0)	(35, 11916.0)	(40, 13754.0)	(45, 16743.0)	(50, 20084.0)	(55, 25082.0)	(60, 31407.0)	(65, 41138.0)	(70, 53189.0)	(75, 70913.0)	(80, 95975.0)	(85, 128310.0)	(90, 171687.0)	(95, 227001.0)	(100, 298538.0)	(105, 380388.0)	(110, 481536.0)	(115, 594227.0)	(120, 717044.0)	(125, 849990.0)	(130, 982551.0)	(135, 1124984.0)	(140, 1271216.0)	(145, 5974202.0)	(150, 42812948.0)
032024_COL_SAN_T5_159_DLAB_S16_R2_001_val_2	(20, 23162.0)	(25, 31522.0)	(30, 17355.0)	(35, 16342.0)	(40, 17314.0)	(45, 19744.0)	(50, 23833.0)	(55, 29107.0)	(60, 36032.0)	(65, 46170.0)	(70, 58770.0)	(75, 76729.0)	(80, 102115.0)	(85, 134543.0)	(90, 178166.0)	(95, 233273.0)	(100, 304082.0)	(105, 385894.0)	(110, 486641.0)	(115, 598460.0)	(120, 720557.0)	(125, 854374.0)	(130, 987092.0)	(135, 1132523.0)	(140, 1286468.0)	(145, 6005493.0)	(150, 42616254.0)
032024_COL_SAN_T5_160_DLAB_S41_R1_001_val_1	(20, 7697.0)	(25, 24146.0)	(30, 29396.0)	(35, 48853.0)	(40, 71591.0)	(45, 100740.0)	(50, 138750.0)	(55, 185400.0)	(60, 244744.0)	(65, 322469.0)	(70, 424600.0)	(75, 557776.0)	(80, 716102.0)	(85, 914566.0)	(90, 1151495.0)	(95, 1419388.0)	(100, 1726625.0)	(105, 2055644.0)	(110, 2394434.0)	(115, 2721982.0)	(120, 3017680.0)	(125, 3276045.0)	(130, 3464846.0)	(135, 3600259.0)	(140, 3649468.0)	(145, 8238725.0)	(150, 42280802.0)
032024_COL_SAN_T5_160_DLAB_S41_R2_001_val_2	(20, 31327.0)	(25, 45310.0)	(30, 37286.0)	(35, 53052.0)	(40, 74733.0)	(45, 103660.0)	(50, 141584.0)	(55, 188203.0)	(60, 247457.0)	(65, 325785.0)	(70, 427760.0)	(75, 561493.0)	(80, 719796.0)	(85, 918034.0)	(90, 1154480.0)	(95, 1421362.0)	(100, 1727965.0)	(105, 2054077.0)	(110, 2391661.0)	(115, 2717833.0)	(120, 3011372.0)	(125, 3271211.0)	(130, 3460067.0)	(135, 3598150.0)	(140, 3656421.0)	(145, 8237795.0)	(150, 42206349.0)
032024_COL_SAN_T5_161_DLAB_S42_R1_001_val_1	(20, 6052.0)	(25, 18074.0)	(30, 14562.0)	(35, 17228.0)	(40, 21109.0)	(45, 26032.0)	(50, 32920.0)	(55, 42519.0)	(60, 55761.0)	(65, 74768.0)	(70, 100918.0)	(75, 139412.0)	(80, 187653.0)	(85, 254760.0)	(90, 343569.0)	(95, 454477.0)	(100, 595365.0)	(105, 767615.0)	(110, 971640.0)	(115, 1207209.0)	(120, 1469495.0)	(125, 1751098.0)	(130, 2031834.0)	(135, 2324043.0)	(140, 2600203.0)	(145, 8616371.0)	(150, 53058353.0)
032024_COL_SAN_T5_161_DLAB_S42_R2_001_val_2	(20, 27497.0)	(25, 37713.0)	(30, 21982.0)	(35, 21585.0)	(40, 23830.0)	(45, 29090.0)	(50, 35822.0)	(55, 45556.0)	(60, 59246.0)	(65, 78447.0)	(70, 104671.0)	(75, 143389.0)	(80, 192043.0)	(85, 259287.0)	(90, 347611.0)	(95, 459003.0)	(100, 599260.0)	(105, 769731.0)	(110, 973454.0)	(115, 1208458.0)	(120, 1468959.0)	(125, 1750029.0)	(130, 2030550.0)	(135, 2323171.0)	(140, 2606431.0)	(145, 8555075.0)	(150, 53011150.0)
032024_COL_SAN_T5_162_PSTR_S39_R1_001_val_1	(20, 7625.0)	(25, 24449.0)	(30, 36201.0)	(35, 64871.0)	(40, 97282.0)	(45, 133808.0)	(50, 174737.0)	(55, 223012.0)	(60, 279189.0)	(65, 345295.0)	(70, 426234.0)	(75, 522310.0)	(80, 635125.0)	(85, 767519.0)	(90, 920981.0)	(95, 1097787.0)	(100, 1300605.0)	(105, 1515011.0)	(110, 1762238.0)	(115, 2030936.0)	(120, 2302118.0)	(125, 2573356.0)	(130, 2840069.0)	(135, 3083974.0)	(140, 3304519.0)	(145, 8815872.0)	(150, 49426893.0)
032024_COL_SAN_T5_162_PSTR_S39_R2_001_val_2	(20, 28951.0)	(25, 43418.0)	(30, 43475.0)	(35, 69039.0)	(40, 100423.0)	(45, 136907.0)	(50, 178086.0)	(55, 227141.0)	(60, 282870.0)	(65, 349514.0)	(70, 430678.0)	(75, 526986.0)	(80, 640170.0)	(85, 773245.0)	(90, 925820.0)	(95, 1102337.0)	(100, 1303616.0)	(105, 1516252.0)	(110, 1762468.0)	(115, 2029315.0)	(120, 2298297.0)	(125, 2569231.0)	(130, 2835097.0)	(135, 3082193.0)	(140, 3311872.0)	(145, 8811071.0)	(150, 49333544.0)
032024_COL_SAN_T5_163_PSTR_S11_R1_001_val_1	(20, 3805.0)	(25, 10812.0)	(30, 8855.0)	(35, 9845.0)	(40, 11286.0)	(45, 12747.0)	(50, 14196.0)	(55, 16368.0)	(60, 18612.0)	(65, 21770.0)	(70, 25225.0)	(75, 30300.0)	(80, 36164.0)	(85, 44001.0)	(90, 54884.0)	(95, 68928.0)	(100, 88693.0)	(105, 112160.0)	(110, 143256.0)	(115, 180937.0)	(120, 227127.0)	(125, 284611.0)	(130, 350318.0)	(135, 434506.0)	(140, 548233.0)	(145, 5321879.0)	(150, 43029491.0)
032024_COL_SAN_T5_163_PSTR_S11_R2_001_val_2	(20, 23036.0)	(25, 32608.0)	(30, 17020.0)	(35, 15381.0)	(40, 15717.0)	(45, 16850.0)	(50, 18571.0)	(55, 21364.0)	(60, 23395.0)	(65, 27267.0)	(70, 31121.0)	(75, 36655.0)	(80, 42900.0)	(85, 51812.0)	(90, 62760.0)	(95, 77091.0)	(100, 96070.0)	(105, 119572.0)	(110, 150410.0)	(115, 187465.0)	(120, 233580.0)	(125, 291301.0)	(130, 357851.0)	(135, 444336.0)	(140, 566758.0)	(145, 5309591.0)	(150, 42838527.0)
032024_COL_SAN_T5_166_OFAV_S20_R1_001_val_1	(20, 4929.0)	(25, 14677.0)	(30, 12278.0)	(35, 13533.0)	(40, 14989.0)	(45, 16516.0)	(50, 18401.0)	(55, 20981.0)	(60, 24713.0)	(65, 29424.0)	(70, 35992.0)	(75, 45624.0)	(80, 58974.0)	(85, 78070.0)	(90, 104661.0)	(95, 138374.0)	(100, 185408.0)	(105, 238148.0)	(110, 305254.0)	(115, 381821.0)	(120, 464545.0)	(125, 555357.0)	(130, 651647.0)	(135, 760307.0)	(140, 895486.0)	(145, 6736466.0)	(150, 52402276.0)
032024_COL_SAN_T5_166_OFAV_S20_R2_001_val_2	(20, 33320.0)	(25, 47547.0)	(30, 23738.0)	(35, 20785.0)	(40, 20133.0)	(45, 20909.0)	(50, 22791.0)	(55, 25563.0)	(60, 29350.0)	(65, 34157.0)	(70, 41284.0)	(75, 50875.0)	(80, 65062.0)	(85, 84259.0)	(90, 110981.0)	(95, 145467.0)	(100, 191392.0)	(105, 244866.0)	(110, 311874.0)	(115, 388210.0)	(120, 471251.0)	(125, 562408.0)	(130, 659705.0)	(135, 772029.0)	(140, 920265.0)	(145, 6778342.0)	(150, 52132288.0)
032024_COL_SAN_T5_167_OFAV_S21_R1_001_val_1	(20, 3580.0)	(25, 10842.0)	(30, 9331.0)	(35, 10067.0)	(40, 11669.0)	(45, 12592.0)	(50, 14548.0)	(55, 16918.0)	(60, 20026.0)	(65, 24112.0)	(70, 30516.0)	(75, 39684.0)	(80, 51667.0)	(85, 69659.0)	(90, 93582.0)	(95, 125560.0)	(100, 167167.0)	(105, 218641.0)	(110, 277373.0)	(115, 346045.0)	(120, 422957.0)	(125, 503768.0)	(130, 589359.0)	(135, 684630.0)	(140, 798910.0)	(145, 5979935.0)	(150, 46608520.0)
032024_COL_SAN_T5_167_OFAV_S21_R2_001_val_2	(20, 28379.0)	(25, 39846.0)	(30, 19973.0)	(35, 17080.0)	(40, 16385.0)	(45, 17191.0)	(50, 18556.0)	(55, 20992.0)	(60, 24126.0)	(65, 28421.0)	(70, 34895.0)	(75, 44424.0)	(80, 56489.0)	(85, 74842.0)	(90, 99071.0)	(95, 130764.0)	(100, 172308.0)	(105, 223814.0)	(110, 282863.0)	(115, 351115.0)	(120, 428106.0)	(125, 510228.0)	(130, 597204.0)	(135, 695837.0)	(140, 823021.0)	(145, 6016354.0)	(150, 46369374.0)
