Sample	0	1	2	3	4	5	6	7	8	9	10	11	12	13	14	15	16	17	18	19	20	21	22	23	24	25	26	27	28
032024_COL_SAN_T5_128_MCAV_S1_R1_001_val_1	(16.0, 2.0)	(17.0, 179.0)	(18.0, 2910.0)	(19.0, 14022.0)	(20.0, 40350.0)	(21.0, 73979.0)	(22.0, 102312.0)	(23.0, 122572.0)	(24.0, 150695.0)	(25.0, 176977.0)	(26.0, 209187.0)	(27.0, 241387.0)	(28.0, 294814.0)	(29.0, 349596.0)	(30.0, 421902.0)	(31.0, 494177.0)	(32.0, 615635.0)	(33.0, 759445.0)	(34.0, 1012708.0)	(35.0, 1422903.0)	(36.0, 2320872.0)	(37.0, 3862664.0)	(38.0, 8588048.0)	(39.0, 42608646.0)	(40.0, 10694746.0)				
032024_COL_SAN_T5_128_MCAV_S1_R2_001_val_2	(14.0, 30.0)	(15.0, 245.0)	(16.0, 2081.0)	(17.0, 9407.0)	(18.0, 28180.0)	(19.0, 55446.0)	(20.0, 89016.0)	(21.0, 108633.0)	(22.0, 118924.0)	(23.0, 129892.0)	(24.0, 153002.0)	(25.0, 172866.0)	(26.0, 200792.0)	(27.0, 227392.0)	(28.0, 272459.0)	(29.0, 314672.0)	(30.0, 374647.0)	(31.0, 433882.0)	(32.0, 537400.0)	(33.0, 661341.0)	(34.0, 876449.0)	(35.0, 1222244.0)	(36.0, 2005926.0)	(37.0, 3501489.0)	(38.0, 8135621.0)	(39.0, 43157165.0)	(40.0, 11791527.0)		
032024_COL_SAN_T5_129_MCAV_S2_R1_001_val_1	(16.0, 1.0)	(17.0, 188.0)	(18.0, 2957.0)	(19.0, 14324.0)	(20.0, 40049.0)	(21.0, 72905.0)	(22.0, 98588.0)	(23.0, 117963.0)	(24.0, 144814.0)	(25.0, 168821.0)	(26.0, 198879.0)	(27.0, 228503.0)	(28.0, 278228.0)	(29.0, 329751.0)	(30.0, 399185.0)	(31.0, 469864.0)	(32.0, 583794.0)	(33.0, 717942.0)	(34.0, 954487.0)	(35.0, 1341599.0)	(36.0, 2183663.0)	(37.0, 3639603.0)	(38.0, 7983224.0)	(39.0, 40786740.0)	(40.0, 10913248.0)				
032024_COL_SAN_T5_129_MCAV_S2_R2_001_val_2	(13.0, 2.0)	(14.0, 26.0)	(15.0, 363.0)	(16.0, 2614.0)	(17.0, 11452.0)	(18.0, 32224.0)	(19.0, 60670.0)	(20.0, 94290.0)	(21.0, 112794.0)	(22.0, 122317.0)	(23.0, 131342.0)	(24.0, 154031.0)	(25.0, 172355.0)	(26.0, 200516.0)	(27.0, 225973.0)	(28.0, 271231.0)	(29.0, 313004.0)	(30.0, 374262.0)	(31.0, 433517.0)	(32.0, 533431.0)	(33.0, 654067.0)	(34.0, 863523.0)	(35.0, 1202144.0)	(36.0, 1973723.0)	(37.0, 3429365.0)	(38.0, 7878320.0)	(39.0, 41334074.0)	(40.0, 11087690.0)	
032024_COL_SAN_T5_130_MCAV_S37_R1_001_val_1	(16.0, 1.0)	(17.0, 183.0)	(18.0, 3431.0)	(19.0, 16713.0)	(20.0, 47999.0)	(21.0, 88460.0)	(22.0, 121932.0)	(23.0, 147644.0)	(24.0, 181880.0)	(25.0, 214506.0)	(26.0, 253898.0)	(27.0, 292687.0)	(28.0, 358465.0)	(29.0, 421660.0)	(30.0, 508848.0)	(31.0, 594299.0)	(32.0, 734655.0)	(33.0, 905096.0)	(34.0, 1195469.0)	(35.0, 1670385.0)	(36.0, 2691789.0)	(37.0, 4419712.0)	(38.0, 9506000.0)	(39.0, 49436987.0)	(40.0, 14759192.0)				
032024_COL_SAN_T5_130_MCAV_S37_R2_001_val_2	(13.0, 2.0)	(14.0, 20.0)	(15.0, 303.0)	(16.0, 2374.0)	(17.0, 11418.0)	(18.0, 34630.0)	(19.0, 67015.0)	(20.0, 107043.0)	(21.0, 131052.0)	(22.0, 143520.0)	(23.0, 156244.0)	(24.0, 185523.0)	(25.0, 208872.0)	(26.0, 243359.0)	(27.0, 275811.0)	(28.0, 332134.0)	(29.0, 381806.0)	(30.0, 452544.0)	(31.0, 525154.0)	(32.0, 647737.0)	(33.0, 797029.0)	(34.0, 1058430.0)	(35.0, 1470255.0)	(36.0, 2386423.0)	(37.0, 4092687.0)	(38.0, 9213378.0)	(39.0, 50287815.0)	(40.0, 15359313.0)	
032024_COL_SAN_T5_131_MCAV_S3_R1_001_val_1	(16.0, 2.0)	(17.0, 97.0)	(18.0, 1825.0)	(19.0, 9073.0)	(20.0, 27450.0)	(21.0, 51113.0)	(22.0, 70185.0)	(23.0, 85066.0)	(24.0, 104218.0)	(25.0, 122184.0)	(26.0, 145801.0)	(27.0, 169393.0)	(28.0, 206788.0)	(29.0, 245765.0)	(30.0, 297932.0)	(31.0, 349590.0)	(32.0, 438484.0)	(33.0, 542579.0)	(34.0, 725732.0)	(35.0, 1029631.0)	(36.0, 1697832.0)	(37.0, 2854443.0)	(38.0, 6457379.0)	(39.0, 31841966.0)	(40.0, 7599343.0)				
032024_COL_SAN_T5_131_MCAV_S3_R2_001_val_2	(13.0, 3.0)	(14.0, 31.0)	(15.0, 281.0)	(16.0, 2111.0)	(17.0, 9212.0)	(18.0, 26275.0)	(19.0, 49898.0)	(20.0, 79565.0)	(21.0, 95336.0)	(22.0, 101583.0)	(23.0, 108515.0)	(24.0, 124964.0)	(25.0, 138988.0)	(26.0, 159032.0)	(27.0, 178584.0)	(28.0, 212600.0)	(29.0, 246510.0)	(30.0, 293982.0)	(31.0, 343355.0)	(32.0, 425691.0)	(33.0, 525289.0)	(34.0, 699881.0)	(35.0, 978214.0)	(36.0, 1612660.0)	(37.0, 2822277.0)	(38.0, 6578919.0)	(39.0, 31886009.0)	(40.0, 7374106.0)	
032024_COL_SAN_T5_132_MCAV_S4_R1_001_val_1	(16.0, 2.0)	(17.0, 195.0)	(18.0, 3098.0)	(19.0, 14471.0)	(20.0, 42876.0)	(21.0, 81454.0)	(22.0, 113204.0)	(23.0, 134826.0)	(24.0, 164378.0)	(25.0, 191945.0)	(26.0, 228689.0)	(27.0, 263952.0)	(28.0, 322771.0)	(29.0, 383722.0)	(30.0, 467278.0)	(31.0, 555131.0)	(32.0, 703341.0)	(33.0, 881998.0)	(34.0, 1202264.0)	(35.0, 1729736.0)	(36.0, 2892892.0)	(37.0, 4941064.0)	(38.0, 11436876.0)	(39.0, 50411646.0)	(40.0, 10446038.0)				
032024_COL_SAN_T5_132_MCAV_S4_R2_001_val_2	(14.0, 26.0)	(15.0, 491.0)	(16.0, 3258.0)	(17.0, 14406.0)	(18.0, 39335.0)	(19.0, 71763.0)	(20.0, 113145.0)	(21.0, 137867.0)	(22.0, 149446.0)	(23.0, 159756.0)	(24.0, 184747.0)	(25.0, 203985.0)	(26.0, 234726.0)	(27.0, 262092.0)	(28.0, 311195.0)	(29.0, 357944.0)	(30.0, 428872.0)	(31.0, 501581.0)	(32.0, 626468.0)	(33.0, 780532.0)	(34.0, 1051364.0)	(35.0, 1500375.0)	(36.0, 2529524.0)	(37.0, 4530872.0)	(38.0, 10907731.0)	(39.0, 50934623.0)	(40.0, 11577723.0)		
032024_COL_SAN_T5_133_MCAV_S5_R1_001_val_1	(16.0, 4.0)	(17.0, 177.0)	(18.0, 2891.0)	(19.0, 13169.0)	(20.0, 36142.0)	(21.0, 65972.0)	(22.0, 90292.0)	(23.0, 107282.0)	(24.0, 130649.0)	(25.0, 151116.0)	(26.0, 178113.0)	(27.0, 204237.0)	(28.0, 247288.0)	(29.0, 290289.0)	(30.0, 351116.0)	(31.0, 414125.0)	(32.0, 518351.0)	(33.0, 642381.0)	(34.0, 860301.0)	(35.0, 1215665.0)	(36.0, 1985361.0)	(37.0, 3290750.0)	(38.0, 7263750.0)	(39.0, 38525159.0)	(40.0, 11326052.0)				
032024_COL_SAN_T5_133_MCAV_S5_R2_001_val_2	(14.0, 37.0)	(15.0, 318.0)	(16.0, 2480.0)	(17.0, 10866.0)	(18.0, 31595.0)	(19.0, 58773.0)	(20.0, 92220.0)	(21.0, 109218.0)	(22.0, 116579.0)	(23.0, 125082.0)	(24.0, 144555.0)	(25.0, 159336.0)	(26.0, 182929.0)	(27.0, 203382.0)	(28.0, 241028.0)	(29.0, 275520.0)	(30.0, 326424.0)	(31.0, 379126.0)	(32.0, 471004.0)	(33.0, 583072.0)	(34.0, 776655.0)	(35.0, 1090236.0)	(36.0, 1801358.0)	(37.0, 3137547.0)	(38.0, 7294346.0)	(39.0, 38976724.0)	(40.0, 11320222.0)		
032024_COL_SAN_T5_134_MCAV_S6_R1_001_val_1	(17.0, 162.0)	(18.0, 2920.0)	(19.0, 14154.0)	(20.0, 41263.0)	(21.0, 76344.0)	(22.0, 104549.0)	(23.0, 124480.0)	(24.0, 152475.0)	(25.0, 178757.0)	(26.0, 211657.0)	(27.0, 244892.0)	(28.0, 301617.0)	(29.0, 355820.0)	(30.0, 431060.0)	(31.0, 509251.0)	(32.0, 634185.0)	(33.0, 787950.0)	(34.0, 1057670.0)	(35.0, 1496847.0)	(36.0, 2460796.0)	(37.0, 4154034.0)	(38.0, 9561207.0)	(39.0, 45940391.0)	(40.0, 8654455.0)					
032024_COL_SAN_T5_134_MCAV_S6_R2_001_val_2	(13.0, 1.0)	(14.0, 21.0)	(15.0, 312.0)	(16.0, 2750.0)	(17.0, 12380.0)	(18.0, 36033.0)	(19.0, 69663.0)	(20.0, 109998.0)	(21.0, 131339.0)	(22.0, 141371.0)	(23.0, 151301.0)	(24.0, 176273.0)	(25.0, 195276.0)	(26.0, 224669.0)	(27.0, 252805.0)	(28.0, 300906.0)	(29.0, 349484.0)	(30.0, 414072.0)	(31.0, 482038.0)	(32.0, 596377.0)	(33.0, 732757.0)	(34.0, 970594.0)	(35.0, 1359896.0)	(36.0, 2245665.0)	(37.0, 3932716.0)	(38.0, 9220841.0)	(39.0, 45026043.0)	(40.0, 10361355.0)	
032024_COL_SAN_T5_136_MCAV_S7_R1_001_val_1	(16.0, 2.0)	(17.0, 188.0)	(18.0, 2730.0)	(19.0, 13515.0)	(20.0, 40481.0)	(21.0, 75272.0)	(22.0, 103156.0)	(23.0, 123667.0)	(24.0, 151356.0)	(25.0, 177042.0)	(26.0, 211390.0)	(27.0, 242823.0)	(28.0, 296217.0)	(29.0, 351022.0)	(30.0, 425580.0)	(31.0, 500632.0)	(32.0, 621048.0)	(33.0, 766525.0)	(34.0, 1019336.0)	(35.0, 1436907.0)	(36.0, 2351439.0)	(37.0, 3912768.0)	(38.0, 8641013.0)	(39.0, 44087271.0)	(40.0, 11386441.0)				
032024_COL_SAN_T5_136_MCAV_S7_R2_001_val_2	(13.0, 1.0)	(14.0, 24.0)	(15.0, 343.0)	(16.0, 2486.0)	(17.0, 11070.0)	(18.0, 32590.0)	(19.0, 63050.0)	(20.0, 100972.0)	(21.0, 122208.0)	(22.0, 132001.0)	(23.0, 142039.0)	(24.0, 166409.0)	(25.0, 186893.0)	(26.0, 217552.0)	(27.0, 243531.0)	(28.0, 291900.0)	(29.0, 336416.0)	(30.0, 399141.0)	(31.0, 462357.0)	(32.0, 569987.0)	(33.0, 699225.0)	(34.0, 924063.0)	(35.0, 1285421.0)	(36.0, 2107456.0)	(37.0, 3667406.0)	(38.0, 8459364.0)	(39.0, 44720778.0)	(40.0, 11593138.0)	
032024_COL_SAN_T5_139_OFAV_S17_R1_001_val_1	(16.0, 1.0)	(17.0, 104.0)	(18.0, 1614.0)	(19.0, 8193.0)	(20.0, 25054.0)	(21.0, 48756.0)	(22.0, 69104.0)	(23.0, 83563.0)	(24.0, 102566.0)	(25.0, 120222.0)	(26.0, 142454.0)	(27.0, 164722.0)	(28.0, 201406.0)	(29.0, 239572.0)	(30.0, 292100.0)	(31.0, 350311.0)	(32.0, 448119.0)	(33.0, 573228.0)	(34.0, 787103.0)	(35.0, 1145006.0)	(36.0, 1943931.0)	(37.0, 3384757.0)	(38.0, 7810168.0)	(39.0, 32680175.0)	(40.0, 6573535.0)				
032024_COL_SAN_T5_139_OFAV_S17_R2_001_val_2	(14.0, 31.0)	(15.0, 547.0)	(16.0, 4377.0)	(17.0, 18557.0)	(18.0, 46785.0)	(19.0, 76386.0)	(20.0, 108695.0)	(21.0, 126104.0)	(22.0, 133085.0)	(23.0, 138421.0)	(24.0, 155236.0)	(25.0, 167825.0)	(26.0, 188233.0)	(27.0, 206184.0)	(28.0, 240379.0)	(29.0, 273786.0)	(30.0, 321777.0)	(31.0, 376609.0)	(32.0, 474961.0)	(33.0, 597240.0)	(34.0, 807720.0)	(35.0, 1158387.0)	(36.0, 1957175.0)	(37.0, 3480082.0)	(38.0, 8017983.0)	(39.0, 31797499.0)	(40.0, 6321700.0)		
032024_COL_SAN_T5_140_OFAV_S18_R1_001_val_1	(16.0, 1.0)	(17.0, 109.0)	(18.0, 1634.0)	(19.0, 8546.0)	(20.0, 25562.0)	(21.0, 49089.0)	(22.0, 68826.0)	(23.0, 82083.0)	(24.0, 99721.0)	(25.0, 116801.0)	(26.0, 137398.0)	(27.0, 158537.0)	(28.0, 193480.0)	(29.0, 228345.0)	(30.0, 276376.0)	(31.0, 328764.0)	(32.0, 418460.0)	(33.0, 529507.0)	(34.0, 723174.0)	(35.0, 1039138.0)	(36.0, 1739431.0)	(37.0, 2983338.0)	(38.0, 6835066.0)	(39.0, 31432237.0)	(40.0, 7078586.0)				
032024_COL_SAN_T5_140_OFAV_S18_R2_001_val_2	(14.0, 24.0)	(15.0, 465.0)	(16.0, 3805.0)	(17.0, 16264.0)	(18.0, 41328.0)	(19.0, 69893.0)	(20.0, 100197.0)	(21.0, 114833.0)	(22.0, 120832.0)	(23.0, 124643.0)	(24.0, 140151.0)	(25.0, 152540.0)	(26.0, 170547.0)	(27.0, 186101.0)	(28.0, 217125.0)	(29.0, 247220.0)	(30.0, 292013.0)	(31.0, 338668.0)	(32.0, 425667.0)	(33.0, 530210.0)	(34.0, 716348.0)	(35.0, 1019304.0)	(36.0, 1709675.0)	(37.0, 3035088.0)	(38.0, 7059048.0)	(39.0, 30947068.0)	(40.0, 6775152.0)		
032024_COL_SAN_T5_141_OFAV_S19_R1_001_val_1	(16.0, 1.0)	(17.0, 97.0)	(18.0, 1483.0)	(19.0, 7563.0)	(20.0, 23120.0)	(21.0, 44172.0)	(22.0, 61838.0)	(23.0, 74090.0)	(24.0, 90745.0)	(25.0, 106461.0)	(26.0, 125313.0)	(27.0, 144237.0)	(28.0, 175670.0)	(29.0, 208514.0)	(30.0, 255133.0)	(31.0, 301525.0)	(32.0, 387309.0)	(33.0, 490078.0)	(34.0, 669687.0)	(35.0, 966705.0)	(36.0, 1623978.0)	(37.0, 2809046.0)	(38.0, 6484880.0)	(39.0, 29044301.0)	(40.0, 6332078.0)				
032024_COL_SAN_T5_141_OFAV_S19_R2_001_val_2	(14.0, 26.0)	(15.0, 511.0)	(16.0, 4273.0)	(17.0, 18763.0)	(18.0, 47906.0)	(19.0, 78871.0)	(20.0, 110409.0)	(21.0, 125334.0)	(22.0, 131531.0)	(23.0, 135280.0)	(24.0, 150006.0)	(25.0, 161932.0)	(26.0, 180146.0)	(27.0, 196121.0)	(28.0, 226514.0)	(29.0, 255720.0)	(30.0, 300704.0)	(31.0, 347611.0)	(32.0, 433895.0)	(33.0, 541616.0)	(34.0, 731513.0)	(35.0, 1040749.0)	(36.0, 1739524.0)	(37.0, 3057450.0)	(38.0, 7002367.0)	(39.0, 27839991.0)	(40.0, 5569261.0)		
032024_COL_SAN_T5_143_DLAB_S40_R1_001_val_1	(16.0, 4.0)	(17.0, 155.0)	(18.0, 2508.0)	(19.0, 12282.0)	(20.0, 37194.0)	(21.0, 69003.0)	(22.0, 94511.0)	(23.0, 112075.0)	(24.0, 135321.0)	(25.0, 156484.0)	(26.0, 185673.0)	(27.0, 213241.0)	(28.0, 259239.0)	(29.0, 307081.0)	(30.0, 372433.0)	(31.0, 443069.0)	(32.0, 558816.0)	(33.0, 703299.0)	(34.0, 952844.0)	(35.0, 1368162.0)	(36.0, 2282353.0)	(37.0, 3845760.0)	(38.0, 8730749.0)	(39.0, 45375060.0)	(40.0, 12141407.0)				
032024_COL_SAN_T5_143_DLAB_S40_R2_001_val_2	(14.0, 26.0)	(15.0, 326.0)	(16.0, 2741.0)	(17.0, 11916.0)	(18.0, 33918.0)	(19.0, 66061.0)	(20.0, 106703.0)	(21.0, 128049.0)	(22.0, 136646.0)	(23.0, 143391.0)	(24.0, 163441.0)	(25.0, 179168.0)	(26.0, 203364.0)	(27.0, 223476.0)	(28.0, 263737.0)	(29.0, 300663.0)	(30.0, 356301.0)	(31.0, 414411.0)	(32.0, 519054.0)	(33.0, 646092.0)	(34.0, 871581.0)	(35.0, 1241855.0)	(36.0, 2092272.0)	(37.0, 3715471.0)	(38.0, 8904829.0)	(39.0, 46035932.0)	(40.0, 11597299.0)		
032024_COL_SAN_T5_144_PSTR_S9_R1_001_val_1	(17.0, 98.0)	(18.0, 1618.0)	(19.0, 7970.0)	(20.0, 25718.0)	(21.0, 49953.0)	(22.0, 70830.0)	(23.0, 84728.0)	(24.0, 103896.0)	(25.0, 121806.0)	(26.0, 145886.0)	(27.0, 169851.0)	(28.0, 207793.0)	(29.0, 248303.0)	(30.0, 303519.0)	(31.0, 361710.0)	(32.0, 457744.0)	(33.0, 578015.0)	(34.0, 792899.0)	(35.0, 1148265.0)	(36.0, 1943643.0)	(37.0, 3402111.0)	(38.0, 8056764.0)	(39.0, 35488032.0)	(40.0, 6585662.0)					
032024_COL_SAN_T5_144_PSTR_S9_R2_001_val_2	(13.0, 1.0)	(14.0, 20.0)	(15.0, 377.0)	(16.0, 3566.0)	(17.0, 15942.0)	(18.0, 42355.0)	(19.0, 72752.0)	(20.0, 107524.0)	(21.0, 123981.0)	(22.0, 130712.0)	(23.0, 135673.0)	(24.0, 153599.0)	(25.0, 167148.0)	(26.0, 188317.0)	(27.0, 208054.0)	(28.0, 244467.0)	(29.0, 276044.0)	(30.0, 324823.0)	(31.0, 378618.0)	(32.0, 473807.0)	(33.0, 595089.0)	(34.0, 802576.0)	(35.0, 1147727.0)	(36.0, 1946434.0)	(37.0, 3500773.0)	(38.0, 8327807.0)	(39.0, 34563511.0)	(40.0, 6425117.0)	
032024_COL_SAN_T5_146_DLAB_S12_R1_001_val_1	(16.0, 2.0)	(17.0, 133.0)	(18.0, 1909.0)	(19.0, 9293.0)	(20.0, 27348.0)	(21.0, 50586.0)	(22.0, 69909.0)	(23.0, 82780.0)	(24.0, 101185.0)	(25.0, 117860.0)	(26.0, 138798.0)	(27.0, 159881.0)	(28.0, 193413.0)	(29.0, 227713.0)	(30.0, 276274.0)	(31.0, 325470.0)	(32.0, 410931.0)	(33.0, 512812.0)	(34.0, 690612.0)	(35.0, 980132.0)	(36.0, 1612141.0)	(37.0, 2695274.0)	(38.0, 6074052.0)	(39.0, 31114800.0)	(40.0, 8190811.0)				
032024_COL_SAN_T5_146_DLAB_S12_R2_001_val_2	(13.0, 2.0)	(14.0, 16.0)	(15.0, 243.0)	(16.0, 1997.0)	(17.0, 8889.0)	(18.0, 25024.0)	(19.0, 46989.0)	(20.0, 74357.0)	(21.0, 88617.0)	(22.0, 94668.0)	(23.0, 100753.0)	(24.0, 116162.0)	(25.0, 128446.0)	(26.0, 145964.0)	(27.0, 161753.0)	(28.0, 190821.0)	(29.0, 217352.0)	(30.0, 256906.0)	(31.0, 299166.0)	(32.0, 372548.0)	(33.0, 461665.0)	(34.0, 616459.0)	(35.0, 869016.0)	(36.0, 1442416.0)	(37.0, 2537995.0)	(38.0, 5994770.0)	(39.0, 31387950.0)	(40.0, 8423175.0)	
032024_COL_SAN_T5_147_PSTR_S10_R1_001_val_1	(16.0, 4.0)	(17.0, 117.0)	(18.0, 2078.0)	(19.0, 10341.0)	(20.0, 28805.0)	(21.0, 53021.0)	(22.0, 72923.0)	(23.0, 86905.0)	(24.0, 106080.0)	(25.0, 122680.0)	(26.0, 144941.0)	(27.0, 165257.0)	(28.0, 201259.0)	(29.0, 236282.0)	(30.0, 287738.0)	(31.0, 339900.0)	(32.0, 428541.0)	(33.0, 537914.0)	(34.0, 726650.0)	(35.0, 1035759.0)	(36.0, 1708249.0)	(37.0, 2835256.0)	(38.0, 6250897.0)	(39.0, 33052456.0)	(40.0, 10195095.0)				
032024_COL_SAN_T5_147_PSTR_S10_R2_001_val_2	(13.0, 1.0)	(14.0, 20.0)	(15.0, 226.0)	(16.0, 1853.0)	(17.0, 8443.0)	(18.0, 24478.0)	(19.0, 46084.0)	(20.0, 71863.0)	(21.0, 86003.0)	(22.0, 93913.0)	(23.0, 100404.0)	(24.0, 114913.0)	(25.0, 127015.0)	(26.0, 145054.0)	(27.0, 158892.0)	(28.0, 189006.0)	(29.0, 215952.0)	(30.0, 256525.0)	(31.0, 298871.0)	(32.0, 373451.0)	(33.0, 466201.0)	(34.0, 628215.0)	(35.0, 894100.0)	(36.0, 1497227.0)	(37.0, 2630114.0)	(38.0, 6157483.0)	(39.0, 33609349.0)	(40.0, 10433492.0)	
032024_COL_SAN_T5_148_DLAB_S13_R1_001_val_1	(16.0, 3.0)	(17.0, 125.0)	(18.0, 1982.0)	(19.0, 8996.0)	(20.0, 26291.0)	(21.0, 49260.0)	(22.0, 67841.0)	(23.0, 80961.0)	(24.0, 98460.0)	(25.0, 113899.0)	(26.0, 135129.0)	(27.0, 155754.0)	(28.0, 189997.0)	(29.0, 224485.0)	(30.0, 270756.0)	(31.0, 320611.0)	(32.0, 404611.0)	(33.0, 508485.0)	(34.0, 685324.0)	(35.0, 980945.0)	(36.0, 1623826.0)	(37.0, 2738911.0)	(38.0, 6265565.0)	(39.0, 30910135.0)	(40.0, 7438304.0)				
032024_COL_SAN_T5_148_DLAB_S13_R2_001_val_2	(14.0, 17.0)	(15.0, 291.0)	(16.0, 2157.0)	(17.0, 9371.0)	(18.0, 26573.0)	(19.0, 49760.0)	(20.0, 77780.0)	(21.0, 92404.0)	(22.0, 98553.0)	(23.0, 103487.0)	(24.0, 118972.0)	(25.0, 131179.0)	(26.0, 150350.0)	(27.0, 164924.0)	(28.0, 194992.0)	(29.0, 221404.0)	(30.0, 261905.0)	(31.0, 304663.0)	(32.0, 377830.0)	(33.0, 468342.0)	(34.0, 627796.0)	(35.0, 886404.0)	(36.0, 1477429.0)	(37.0, 2621449.0)	(38.0, 6243423.0)	(39.0, 31150697.0)	(40.0, 7438504.0)		
032024_COL_SAN_T5_149_DLAB_S14_R1_001_val_1	(16.0, 3.0)	(17.0, 108.0)	(18.0, 2078.0)	(19.0, 10132.0)	(20.0, 30019.0)	(21.0, 55769.0)	(22.0, 77362.0)	(23.0, 92623.0)	(24.0, 113110.0)	(25.0, 132467.0)	(26.0, 156603.0)	(27.0, 179749.0)	(28.0, 218092.0)	(29.0, 257132.0)	(30.0, 309232.0)	(31.0, 365652.0)	(32.0, 457345.0)	(33.0, 571471.0)	(34.0, 765560.0)	(35.0, 1085447.0)	(36.0, 1779188.0)	(37.0, 2984072.0)	(38.0, 6768981.0)	(39.0, 34038027.0)	(40.0, 8466033.0)				
032024_COL_SAN_T5_149_DLAB_S14_R2_001_val_2	(13.0, 2.0)	(14.0, 27.0)	(15.0, 308.0)	(16.0, 2263.0)	(17.0, 10055.0)	(18.0, 28749.0)	(19.0, 54984.0)	(20.0, 87125.0)	(21.0, 102889.0)	(22.0, 110172.0)	(23.0, 118210.0)	(24.0, 134766.0)	(25.0, 150115.0)	(26.0, 171424.0)	(27.0, 189962.0)	(28.0, 223997.0)	(29.0, 256669.0)	(30.0, 302160.0)	(31.0, 352537.0)	(32.0, 434784.0)	(33.0, 540801.0)	(34.0, 722765.0)	(35.0, 1018154.0)	(36.0, 1685875.0)	(37.0, 2942070.0)	(38.0, 6952901.0)	(39.0, 33987249.0)	(40.0, 8335242.0)	
032024_COL_SAN_T5_150_MCAV_S8_R1_001_val_1	(16.0, 2.0)	(17.0, 150.0)	(18.0, 2577.0)	(19.0, 12501.0)	(20.0, 37075.0)	(21.0, 69818.0)	(22.0, 95748.0)	(23.0, 113579.0)	(24.0, 139356.0)	(25.0, 161007.0)	(26.0, 189957.0)	(27.0, 217758.0)	(28.0, 265188.0)	(29.0, 313397.0)	(30.0, 381543.0)	(31.0, 451730.0)	(32.0, 569545.0)	(33.0, 717156.0)	(34.0, 975232.0)	(35.0, 1394613.0)	(36.0, 2311769.0)	(37.0, 3921788.0)	(38.0, 8936117.0)	(39.0, 42758927.0)	(40.0, 10034888.0)				
032024_COL_SAN_T5_150_MCAV_S8_R2_001_val_2	(13.0, 1.0)	(14.0, 35.0)	(15.0, 356.0)	(16.0, 2725.0)	(17.0, 12237.0)	(18.0, 35308.0)	(19.0, 66780.0)	(20.0, 104704.0)	(21.0, 123797.0)	(22.0, 130563.0)	(23.0, 138769.0)	(24.0, 156919.0)	(25.0, 171853.0)	(26.0, 195760.0)	(27.0, 215429.0)	(28.0, 256143.0)	(29.0, 293526.0)	(30.0, 348579.0)	(31.0, 406289.0)	(32.0, 507811.0)	(33.0, 632751.0)	(34.0, 853436.0)	(35.0, 1208514.0)	(36.0, 2028561.0)	(37.0, 3601438.0)	(38.0, 8583851.0)	(39.0, 43306741.0)	(40.0, 10688545.0)	
032024_COL_SAN_T5_154_PSTR_S38_R1_001_val_1	(17.0, 85.0)	(18.0, 1620.0)	(19.0, 8558.0)	(20.0, 25671.0)	(21.0, 49066.0)	(22.0, 68752.0)	(23.0, 82806.0)	(24.0, 102127.0)	(25.0, 119724.0)	(26.0, 143031.0)	(27.0, 164467.0)	(28.0, 201244.0)	(29.0, 238075.0)	(30.0, 290752.0)	(31.0, 346961.0)	(32.0, 440340.0)	(33.0, 556008.0)	(34.0, 756745.0)	(35.0, 1092894.0)	(36.0, 1815894.0)	(37.0, 2986024.0)	(38.0, 6469579.0)	(39.0, 35294681.0)	(40.0, 13043711.0)					
032024_COL_SAN_T5_154_PSTR_S38_R2_001_val_2	(14.0, 28.0)	(15.0, 189.0)	(16.0, 1211.0)	(17.0, 5107.0)	(18.0, 15112.0)	(19.0, 30523.0)	(20.0, 52348.0)	(21.0, 65760.0)	(22.0, 73459.0)	(23.0, 79783.0)	(24.0, 92541.0)	(25.0, 102623.0)	(26.0, 118390.0)	(27.0, 132153.0)	(28.0, 157985.0)	(29.0, 183735.0)	(30.0, 222137.0)	(31.0, 263965.0)	(32.0, 334535.0)	(33.0, 423016.0)	(34.0, 578474.0)	(35.0, 838697.0)	(36.0, 1428704.0)	(37.0, 2508064.0)	(38.0, 5845952.0)	(39.0, 36614969.0)	(40.0, 14129355.0)		
032024_COL_SAN_T5_158_DLAB_S15_R1_001_val_1	(17.0, 85.0)	(18.0, 1539.0)	(19.0, 7620.0)	(20.0, 22956.0)	(21.0, 43791.0)	(22.0, 60079.0)	(23.0, 70897.0)	(24.0, 86084.0)	(25.0, 99992.0)	(26.0, 118415.0)	(27.0, 135274.0)	(28.0, 165350.0)	(29.0, 194671.0)	(30.0, 236832.0)	(31.0, 279727.0)	(32.0, 354613.0)	(33.0, 443628.0)	(34.0, 601288.0)	(35.0, 859308.0)	(36.0, 1426722.0)	(37.0, 2412138.0)	(38.0, 5525596.0)	(39.0, 28167637.0)	(40.0, 6844789.0)					
032024_COL_SAN_T5_158_DLAB_S15_R2_001_val_2	(14.0, 18.0)	(15.0, 248.0)	(16.0, 1987.0)	(17.0, 8203.0)	(18.0, 23216.0)	(19.0, 43408.0)	(20.0, 70343.0)	(21.0, 83644.0)	(22.0, 88246.0)	(23.0, 92632.0)	(24.0, 104706.0)	(25.0, 115391.0)	(26.0, 131000.0)	(27.0, 144183.0)	(28.0, 169335.0)	(29.0, 194259.0)	(30.0, 228811.0)	(31.0, 266333.0)	(32.0, 331330.0)	(33.0, 410704.0)	(34.0, 553921.0)	(35.0, 782265.0)	(36.0, 1312114.0)	(37.0, 2331772.0)	(38.0, 5564691.0)	(39.0, 28254386.0)	(40.0, 6851885.0)		
032024_COL_SAN_T5_159_DLAB_S16_R1_001_val_1	(17.0, 117.0)	(18.0, 1768.0)	(19.0, 8537.0)	(20.0, 24989.0)	(21.0, 47329.0)	(22.0, 65261.0)	(23.0, 78459.0)	(24.0, 95693.0)	(25.0, 111915.0)	(26.0, 133302.0)	(27.0, 153675.0)	(28.0, 187742.0)	(29.0, 222854.0)	(30.0, 269736.0)	(31.0, 320772.0)	(32.0, 405132.0)	(33.0, 508177.0)	(34.0, 687358.0)	(35.0, 982751.0)	(36.0, 1637113.0)	(37.0, 2765325.0)	(38.0, 6254803.0)	(39.0, 32561926.0)	(40.0, 8897281.0)					
032024_COL_SAN_T5_159_DLAB_S16_R2_001_val_2	(13.0, 1.0)	(14.0, 27.0)	(15.0, 342.0)	(16.0, 2563.0)	(17.0, 10575.0)	(18.0, 28730.0)	(19.0, 53089.0)	(20.0, 82913.0)	(21.0, 98424.0)	(22.0, 103956.0)	(23.0, 109657.0)	(24.0, 125741.0)	(25.0, 138222.0)	(26.0, 156847.0)	(27.0, 173717.0)	(28.0, 204764.0)	(29.0, 233106.0)	(30.0, 274536.0)	(31.0, 319547.0)	(32.0, 397984.0)	(33.0, 494650.0)	(34.0, 665599.0)	(35.0, 945704.0)	(36.0, 1584861.0)	(37.0, 2804239.0)	(38.0, 6676009.0)	(39.0, 32819794.0)	(40.0, 7916418.0)	
032024_COL_SAN_T5_160_DLAB_S41_R1_001_val_1	(16.0, 2.0)	(17.0, 171.0)	(18.0, 2983.0)	(19.0, 13906.0)	(20.0, 40165.0)	(21.0, 72953.0)	(22.0, 99854.0)	(23.0, 118716.0)	(24.0, 144045.0)	(25.0, 166903.0)	(26.0, 196288.0)	(27.0, 224855.0)	(28.0, 273809.0)	(29.0, 321046.0)	(30.0, 389866.0)	(31.0, 463180.0)	(32.0, 583749.0)	(33.0, 731469.0)	(34.0, 988541.0)	(35.0, 1412557.0)	(36.0, 2332660.0)	(37.0, 3839846.0)	(38.0, 8347449.0)	(39.0, 45586301.0)	(40.0, 16432909.0)				
032024_COL_SAN_T5_160_DLAB_S41_R2_001_val_2	(13.0, 1.0)	(14.0, 28.0)	(15.0, 375.0)	(16.0, 2649.0)	(17.0, 11189.0)	(18.0, 31551.0)	(19.0, 60440.0)	(20.0, 95677.0)	(21.0, 116036.0)	(22.0, 124940.0)	(23.0, 133618.0)	(24.0, 153969.0)	(25.0, 169119.0)	(26.0, 192280.0)	(27.0, 213139.0)	(28.0, 251534.0)	(29.0, 286341.0)	(30.0, 341210.0)	(31.0, 399213.0)	(32.0, 498999.0)	(33.0, 624732.0)	(34.0, 841943.0)	(35.0, 1203271.0)	(36.0, 2022501.0)	(37.0, 3533024.0)	(38.0, 8203782.0)	(39.0, 46554167.0)	(40.0, 16718495.0)	
032024_COL_SAN_T5_161_DLAB_S42_R1_001_val_1	(16.0, 3.0)	(17.0, 171.0)	(18.0, 2463.0)	(19.0, 12131.0)	(20.0, 37218.0)	(21.0, 69263.0)	(22.0, 94636.0)	(23.0, 113001.0)	(24.0, 137106.0)	(25.0, 158986.0)	(26.0, 188264.0)	(27.0, 216504.0)	(28.0, 262992.0)	(29.0, 308884.0)	(30.0, 374628.0)	(31.0, 444660.0)	(32.0, 562788.0)	(33.0, 706245.0)	(34.0, 954236.0)	(35.0, 1359505.0)	(36.0, 2248303.0)	(37.0, 3760850.0)	(38.0, 8465454.0)	(39.0, 45055513.0)	(40.0, 11649236.0)				
032024_COL_SAN_T5_161_DLAB_S42_R2_001_val_2	(14.0, 15.0)	(15.0, 318.0)	(16.0, 2490.0)	(17.0, 11203.0)	(18.0, 31522.0)	(19.0, 59936.0)	(20.0, 96664.0)	(21.0, 115658.0)	(22.0, 123803.0)	(23.0, 130790.0)	(24.0, 149972.0)	(25.0, 165769.0)	(26.0, 188164.0)	(27.0, 207888.0)	(28.0, 244939.0)	(29.0, 279806.0)	(30.0, 331144.0)	(31.0, 387139.0)	(32.0, 484355.0)	(33.0, 605174.0)	(34.0, 818465.0)	(35.0, 1163529.0)	(36.0, 1961091.0)	(37.0, 3471717.0)	(38.0, 8250546.0)	(39.0, 45344286.0)	(40.0, 12556657.0)		
032024_COL_SAN_T5_162_PSTR_S39_R1_001_val_1	(16.0, 3.0)	(17.0, 166.0)	(18.0, 2674.0)	(19.0, 12945.0)	(20.0, 38418.0)	(21.0, 72922.0)	(22.0, 101520.0)	(23.0, 122341.0)	(24.0, 149338.0)	(25.0, 175317.0)	(26.0, 207471.0)	(27.0, 239195.0)	(28.0, 290208.0)	(29.0, 342634.0)	(30.0, 416868.0)	(31.0, 496525.0)	(32.0, 629510.0)	(33.0, 793301.0)	(34.0, 1076643.0)	(35.0, 1548267.0)	(36.0, 2569030.0)	(37.0, 4281115.0)	(38.0, 9572235.0)	(39.0, 48191752.0)	(40.0, 13381618.0)				
032024_COL_SAN_T5_162_PSTR_S39_R2_001_val_2	(12.0, 1.0)	(13.0, 0.0)	(14.0, 36.0)	(15.0, 311.0)	(16.0, 2335.0)	(17.0, 9925.0)	(18.0, 29413.0)	(19.0, 58373.0)	(20.0, 95773.0)	(21.0, 117170.0)	(22.0, 127498.0)	(23.0, 137976.0)	(24.0, 159523.0)	(25.0, 177202.0)	(26.0, 202505.0)	(27.0, 225411.0)	(28.0, 266767.0)	(29.0, 307621.0)	(30.0, 367673.0)	(31.0, 432074.0)	(32.0, 542617.0)	(33.0, 680035.0)	(34.0, 918450.0)	(35.0, 1315568.0)	(36.0, 2211965.0)	(37.0, 3890216.0)	(38.0, 9178306.0)	(39.0, 48832217.0)	(40.0, 14425055.0)
032024_COL_SAN_T5_163_PSTR_S11_R1_001_val_1	(16.0, 1.0)	(17.0, 88.0)	(18.0, 1434.0)	(19.0, 7656.0)	(20.0, 23349.0)	(21.0, 44178.0)	(22.0, 61602.0)	(23.0, 73969.0)	(24.0, 90918.0)	(25.0, 105558.0)	(26.0, 125607.0)	(27.0, 145374.0)	(28.0, 178302.0)	(29.0, 212054.0)	(30.0, 258625.0)	(31.0, 305555.0)	(32.0, 385140.0)	(33.0, 484313.0)	(34.0, 656126.0)	(35.0, 942004.0)	(36.0, 1574707.0)	(37.0, 2709864.0)	(38.0, 6275234.0)	(39.0, 29754872.0)	(40.0, 6692479.0)				
032024_COL_SAN_T5_163_PSTR_S11_R2_001_val_2	(14.0, 18.0)	(15.0, 263.0)	(16.0, 2563.0)	(17.0, 11839.0)	(18.0, 32777.0)	(19.0, 58696.0)	(20.0, 86259.0)	(21.0, 100235.0)	(22.0, 104880.0)	(23.0, 109652.0)	(24.0, 124567.0)	(25.0, 136886.0)	(26.0, 154712.0)	(27.0, 169844.0)	(28.0, 199532.0)	(29.0, 226446.0)	(30.0, 266740.0)	(31.0, 309279.0)	(32.0, 386517.0)	(33.0, 479704.0)	(34.0, 642988.0)	(35.0, 913774.0)	(36.0, 1537343.0)	(37.0, 2745551.0)	(38.0, 6490550.0)	(39.0, 29434425.0)	(40.0, 6382969.0)		
032024_COL_SAN_T5_166_OFAV_S20_R1_001_val_1	(16.0, 2.0)	(17.0, 145.0)	(18.0, 2108.0)	(19.0, 10190.0)	(20.0, 30277.0)	(21.0, 57359.0)	(22.0, 79850.0)	(23.0, 96041.0)	(24.0, 117102.0)	(25.0, 136494.0)	(26.0, 161181.0)	(27.0, 185872.0)	(28.0, 226848.0)	(29.0, 266858.0)	(30.0, 324715.0)	(31.0, 387626.0)	(32.0, 492069.0)	(33.0, 620170.0)	(34.0, 844672.0)	(35.0, 1211301.0)	(36.0, 2025646.0)	(37.0, 3481591.0)	(38.0, 7983781.0)	(39.0, 37039259.0)	(40.0, 8427694.0)				
032024_COL_SAN_T5_166_OFAV_S20_R2_001_val_2	(14.0, 27.0)	(15.0, 532.0)	(16.0, 4367.0)	(17.0, 19348.0)	(18.0, 50454.0)	(19.0, 85399.0)	(20.0, 122287.0)	(21.0, 139438.0)	(22.0, 145289.0)	(23.0, 151859.0)	(24.0, 170591.0)	(25.0, 185244.0)	(26.0, 207255.0)	(27.0, 226507.0)	(28.0, 264053.0)	(29.0, 300040.0)	(30.0, 353171.0)	(31.0, 410641.0)	(32.0, 513691.0)	(33.0, 640854.0)	(34.0, 864261.0)	(35.0, 1225846.0)	(36.0, 2059834.0)	(37.0, 3634618.0)	(38.0, 8398257.0)	(39.0, 36097532.0)	(40.0, 7937456.0)		
032024_COL_SAN_T5_167_OFAV_S21_R1_001_val_1	(16.0, 2.0)	(17.0, 73.0)	(18.0, 1335.0)	(19.0, 7065.0)	(20.0, 22354.0)	(21.0, 44313.0)	(22.0, 63670.0)	(23.0, 76602.0)	(24.0, 94334.0)	(25.0, 109997.0)	(26.0, 131703.0)	(27.0, 152563.0)	(28.0, 185646.0)	(29.0, 220984.0)	(30.0, 272573.0)	(31.0, 327290.0)	(32.0, 420012.0)	(33.0, 536425.0)	(34.0, 739139.0)	(35.0, 1075227.0)	(36.0, 1828249.0)	(37.0, 3189668.0)	(38.0, 7488097.0)	(39.0, 33351950.0)	(40.0, 6802387.0)				
032024_COL_SAN_T5_167_OFAV_S21_R2_001_val_2	(13.0, 4.0)	(14.0, 20.0)	(15.0, 508.0)	(16.0, 4029.0)	(17.0, 16822.0)	(18.0, 42601.0)	(19.0, 71929.0)	(20.0, 105320.0)	(21.0, 122648.0)	(22.0, 128916.0)	(23.0, 133273.0)	(24.0, 149577.0)	(25.0, 161784.0)	(26.0, 182343.0)	(27.0, 198505.0)	(28.0, 233497.0)	(29.0, 265578.0)	(30.0, 314044.0)	(31.0, 365070.0)	(32.0, 460686.0)	(33.0, 578286.0)	(34.0, 785971.0)	(35.0, 1128141.0)	(36.0, 1909189.0)	(37.0, 3404316.0)	(38.0, 7961827.0)	(39.0, 32216675.0)	(40.0, 6200099.0)	
