Sample	cutadapt-percent_trimmed	fastqc-percent_duplicates	fastqc-percent_gc	fastqc-avg_sequence_length	fastqc-median_sequence_length	fastqc-percent_fails	fastqc-total_sequences
032024_COL_SAN_T5_128_MCAV_S1_R1_001	4.347743178035183						
032024_COL_SAN_T5_128_MCAV_S1_R1_001_val_1		23.477612873599924	39.0	144.53533335046018	151	18.181818181818183	74.580728
032024_COL_SAN_T5_128_MCAV_S1_R2_001	4.50114115853419						
032024_COL_SAN_T5_128_MCAV_S1_R2_001_val_2		24.234040531969356	39.0	144.32454004739668	151	18.181818181818183	74.580728
032024_COL_SAN_T5_129_MCAV_S2_R1_001	3.0402272860383714						
032024_COL_SAN_T5_129_MCAV_S2_R1_001_val_1		22.215219309200123	40.0	146.51847199052537	151	18.181818181818183	71.66932
032024_COL_SAN_T5_129_MCAV_S2_R2_001	3.2119730412389966						
032024_COL_SAN_T5_129_MCAV_S2_R2_001_val_2		23.05468461571722	40.0	146.28533202212606	151	18.181818181818183	71.66932
032024_COL_SAN_T5_130_MCAV_S37_R1_001	5.400160296077548						
032024_COL_SAN_T5_130_MCAV_S37_R1_001_val_1		31.519794277389252	39.0	142.93367087533449	151	18.181818181818183	88.571891
032024_COL_SAN_T5_130_MCAV_S37_R2_001	5.547589680283831						
032024_COL_SAN_T5_130_MCAV_S37_R2_001_val_2		32.48513360090756	39.0	142.73324603626222	151	18.181818181818183	88.571891
032024_COL_SAN_T5_131_MCAV_S3_R1_001	2.554759016096915						
032024_COL_SAN_T5_131_MCAV_S3_R1_001_val_1		19.619919221290232	40.0	147.25606798185657	151	18.181818181818183	55.073871
032024_COL_SAN_T5_131_MCAV_S3_R2_001	2.7424232781948255						
032024_COL_SAN_T5_131_MCAV_S3_R2_001_val_2		20.108620353184577	40.0	146.99898939371812	151	18.181818181818183	55.073871
032024_COL_SAN_T5_132_MCAV_S4_R1_001	4.974943024592784						
032024_COL_SAN_T5_132_MCAV_S4_R1_001_val_1		22.073261432460455	39.0	143.58280853710258	151	18.181818181818183	87.61384699999999
032024_COL_SAN_T5_132_MCAV_S4_R2_001	5.133907791997037						
032024_COL_SAN_T5_132_MCAV_S4_R2_001_val_2		22.753677710829052	39.0	143.3699240943044	151	18.181818181818183	87.61384699999999
032024_COL_SAN_T5_133_MCAV_S5_R1_001	4.634914709819119						
032024_COL_SAN_T5_133_MCAV_S5_R1_001_val_1		21.92477705844908	39.0	144.10047155797344	151	18.181818181818183	67.91063199999999
032024_COL_SAN_T5_133_MCAV_S5_R2_001	4.781168303659003						
032024_COL_SAN_T5_133_MCAV_S5_R2_001_val_2		22.594403773049095	39.0	143.90531461995525	151	18.181818181818183	67.91063199999999
032024_COL_SAN_T5_134_MCAV_S6_R1_001	2.988362326934208						
032024_COL_SAN_T5_134_MCAV_S6_R1_001_val_1		21.513580622296217	40.0	146.59546894860463	151	18.181818181818183	77.49693599999999
032024_COL_SAN_T5_134_MCAV_S6_R2_001	3.1753209516034677						
032024_COL_SAN_T5_134_MCAV_S6_R2_001_val_2		22.156939121549357	40.0	146.3406290024163	151	18.181818181818183	77.49693599999999
032024_COL_SAN_T5_136_MCAV_S7_R1_001	3.141593684716225						
032024_COL_SAN_T5_136_MCAV_S7_R1_001_val_1		24.88421555282919	39.0	146.36264859905506	151	18.181818181818183	76.937821
032024_COL_SAN_T5_136_MCAV_S7_R2_001	3.3253686425997664						
032024_COL_SAN_T5_136_MCAV_S7_R2_001_val_2		25.540716345541284	40.0	146.11102882677167	151	18.181818181818183	76.937821
032024_COL_SAN_T5_139_OFAV_S17_R1_001	1.7745386700884602						
032024_COL_SAN_T5_139_OFAV_S17_R1_001_val_1		14.478305206090852	39.0	148.4401612504031	151	18.181818181818183	57.195764
032024_COL_SAN_T5_139_OFAV_S17_R2_001	1.9844365008044036						
032024_COL_SAN_T5_139_OFAV_S17_R2_001_val_2		14.853407772710653	39.0	148.16037867769367	151	18.181818181818183	57.195764
032024_COL_SAN_T5_140_OFAV_S18_R1_001	1.7880705759084257						
032024_COL_SAN_T5_140_OFAV_S18_R1_001_val_1		14.496531507597382	39.0	148.4187444638781	151	18.181818181818183	54.554209
032024_COL_SAN_T5_140_OFAV_S18_R2_001	1.9798796647480041						
032024_COL_SAN_T5_140_OFAV_S18_R2_001_val_2		14.859369687058177	40.0	148.16360053905282	151	18.181818181818183	54.554209
032024_COL_SAN_T5_141_OFAV_S19_R1_001	1.9166387854533273						
032024_COL_SAN_T5_141_OFAV_S19_R1_001_val_1		12.869582985679244	40.0	148.22354841823665	151	18.181818181818183	50.428024
032024_COL_SAN_T5_141_OFAV_S19_R2_001	2.1556792602912176						
032024_COL_SAN_T5_141_OFAV_S19_R2_001_val_2		13.152626606830125	40.0	147.90023906151865	151	18.181818181818183	50.428024
032024_COL_SAN_T5_143_DLAB_S40_R1_001	4.275360975374504						
032024_COL_SAN_T5_143_DLAB_S40_R1_001_val_1		22.320663804376295	39.0	144.63875457745783	151	18.181818181818183	78.358723
032024_COL_SAN_T5_143_DLAB_S40_R2_001	4.401130298589535						
032024_COL_SAN_T5_143_DLAB_S40_R2_001_val_2		22.81490642344474	39.0	144.47214434569077	151	18.181818181818183	78.358723
032024_COL_SAN_T5_144_PSTR_S9_R1_001	1.537779298976039						
032024_COL_SAN_T5_144_PSTR_S9_R1_001_val_1		15.693942845932725	39.0	148.80362760698404	151	18.181818181818183	60.356814
032024_COL_SAN_T5_144_PSTR_S9_R2_001	1.7565637053151613						
032024_COL_SAN_T5_144_PSTR_S9_R2_001_val_2		16.036108683657574	39.0	148.5027585949119	151	18.181818181818183	60.356814
032024_COL_SAN_T5_146_DLAB_S12_R1_001	4.049002533729152						
032024_COL_SAN_T5_146_DLAB_S12_R1_001_val_1		14.528970132537182	40.0	144.98444114108287	151	18.181818181818183	54.064119
032024_COL_SAN_T5_146_DLAB_S12_R2_001	4.196200913155344						
032024_COL_SAN_T5_146_DLAB_S12_R2_001_val_2		14.904247307196968	41.0	144.78827608381079	151	18.181818181818183	54.064119
032024_COL_SAN_T5_147_PSTR_S10_R1_001	7.658818983647792						
032024_COL_SAN_T5_147_PSTR_S10_R1_001_val_1		17.431818883971346	40.0	139.50600238980107	151	18.181818181818183	58.629148
032024_COL_SAN_T5_147_PSTR_S10_R2_001	7.770802184932152						
032024_COL_SAN_T5_147_PSTR_S10_R2_001_val_2		18.11595183477685	40.0	139.35982794769592	151	18.181818181818183	58.629148
032024_COL_SAN_T5_148_DLAB_S13_R1_001	3.446074571929083						
032024_COL_SAN_T5_148_DLAB_S13_R1_001_val_1		16.01813681907595	40.0	145.89803131128443	151	18.181818181818183	53.300656
032024_COL_SAN_T5_148_DLAB_S13_R2_001	3.603537679122958						
032024_COL_SAN_T5_148_DLAB_S13_R2_001_val_2		16.513446025953584	40.0	145.68672897759458	151	18.181818181818183	53.300656
032024_COL_SAN_T5_149_DLAB_S14_R1_001	3.3376260326634397						
032024_COL_SAN_T5_149_DLAB_S14_R1_001_val_1		15.283002633224854	40.0	146.0674630626132	151	18.181818181818183	58.916255
032024_COL_SAN_T5_149_DLAB_S14_R2_001	3.5005188887044354						
032024_COL_SAN_T5_149_DLAB_S14_R2_001_val_2		15.590841722285745	40.0	145.8462098448043	151	18.181818181818183	58.916255
032024_COL_SAN_T5_150_MCAV_S8_R1_001	3.091207142277597						
032024_COL_SAN_T5_150_MCAV_S8_R1_001_val_1		18.84121746420378	39.0	146.44108188500934	151	18.181818181818183	74.071421
032024_COL_SAN_T5_150_MCAV_S8_R2_001	3.2240507842919097						
032024_COL_SAN_T5_150_MCAV_S8_R2_001_val_2		19.53994179558768	40.0	146.2652920888341	151	18.181818181818183	74.071421
032024_COL_SAN_T5_154_PSTR_S38_R1_001	11.881395109816504						
032024_COL_SAN_T5_154_PSTR_S38_R1_001_val_1		26.69795877603073	43.0	133.09236554359518	142	18.181818181818183	64.29881499999999
032024_COL_SAN_T5_154_PSTR_S38_R2_001	11.924371119925219						
032024_COL_SAN_T5_154_PSTR_S38_R2_001_val_2		27.9288995718629	43.0	133.04207088419903	142	18.181818181818183	64.29881499999999
032024_COL_SAN_T5_158_DLAB_S15_R1_001	2.7236471112146914						
032024_COL_SAN_T5_158_DLAB_S15_R1_001_val_1		14.966708510750976	39.0	146.99762742319297	151	18.181818181818183	48.159031
032024_COL_SAN_T5_158_DLAB_S15_R2_001	2.8671003845752616						
032024_COL_SAN_T5_158_DLAB_S15_R2_001_val_2		15.28867732207631	39.0	146.80733258524242	151	18.181818181818183	48.159031
032024_COL_SAN_T5_159_DLAB_S16_R1_001	2.9659471354039812						
032024_COL_SAN_T5_159_DLAB_S16_R1_001_val_1		15.114901419143436	39.0	146.63100098427893	151	18.181818181818183	56.422014999999995
032024_COL_SAN_T5_159_DLAB_S16_R2_001	3.1281148315413927						
032024_COL_SAN_T5_159_DLAB_S16_R2_001_val_2		15.36163928030048	40.0	146.41226081698784	151	18.181818181818183	56.422014999999995
032024_COL_SAN_T5_160_DLAB_S41_R1_001	9.225800492926487						
032024_COL_SAN_T5_160_DLAB_S41_R1_001_val_1		24.515330312928754	40.0	137.134165274463	151	18.181818181818183	82.784223
032024_COL_SAN_T5_160_DLAB_S41_R2_001	9.315894929689284						
032024_COL_SAN_T5_160_DLAB_S41_R2_001_val_2		25.28931389924813	40.0	137.01975051453948	151	18.181818181818183	82.784223
032024_COL_SAN_T5_161_DLAB_S42_R1_001	4.162637134465142						
032024_COL_SAN_T5_161_DLAB_S42_R1_001_val_1		21.656248216306423	40.0	144.8054061747244	151	18.181818181818183	77.18303999999999
032024_COL_SAN_T5_161_DLAB_S42_R2_001	4.266093745585069						
032024_COL_SAN_T5_161_DLAB_S42_R2_001_val_2		22.58386417725464	40.0	144.6734541681696	151	18.181818181818183	77.18303999999999
032024_COL_SAN_T5_162_PSTR_S39_R1_001	7.6314461491753045						
032024_COL_SAN_T5_162_PSTR_S39_R1_001_val_1		28.71705525730313	42.0	139.54859118215296	151	18.181818181818183	84.71201599999999
032024_COL_SAN_T5_162_PSTR_S39_R2_001	7.724152095538642						
032024_COL_SAN_T5_162_PSTR_S39_R2_001_val_2		29.945089410047217	42.0	139.42668467481639	151	18.181818181818183	84.71201599999999
032024_COL_SAN_T5_163_PSTR_S11_R1_001	1.4178761747779531						
032024_COL_SAN_T5_163_PSTR_S11_R1_001_val_1		15.533182165611137	39.0	148.98671185348164	151	18.181818181818183	51.109009
032024_COL_SAN_T5_163_PSTR_S11_R2_001	1.6202382731170528						
032024_COL_SAN_T5_163_PSTR_S11_R2_001_val_2		15.885687054267038	39.0	148.70834760267022	151	18.181818181818183	51.109009
032024_COL_SAN_T5_166_OFAV_S20_R1_001	1.8866144087164587						
032024_COL_SAN_T5_166_OFAV_S20_R1_001_val_1		14.354648470883618	40.0	148.2668871617092	151	18.181818181818183	64.208851
032024_COL_SAN_T5_166_OFAV_S20_R2_001	2.0861347647127397						
032024_COL_SAN_T5_166_OFAV_S20_R2_001_val_2		14.757677545428692	40.0	148.00000359763484	151	18.181818181818183	64.208851
032024_COL_SAN_T5_167_OFAV_S21_R1_001	1.8835318060986654						
032024_COL_SAN_T5_167_OFAV_S21_R1_001_val_1		13.750226775979684	39.0	148.27345351092194	151	18.181818181818183	57.141658
032024_COL_SAN_T5_167_OFAV_S21_R2_001	2.0818768447440013						
032024_COL_SAN_T5_167_OFAV_S21_R2_001_val_2		13.895876027041112	40.0	148.0080536340055	151	18.181818181818183	57.141658
