Sample	cutadapt_version	r_processed	r_with_adapters	r_written	bp_processed	quality_trimmed	bp_written	percent_trimmed
032024_COL_SAN_T5_128_MCAV_S1_R1_001	4.9	74596443	38078084	74596443	11264062893	48598508	10774330367	4.347743178035183
032024_COL_SAN_T5_128_MCAV_S1_R2_001	4.9	74596443	38088243	74596443	11264062893	73992058	10757051522	4.50114115853419
032024_COL_SAN_T5_129_MCAV_S2_R1_001	4.9	71687315	33510897	71687315	10824784565	45150701	10495686511	3.0402272860383714
032024_COL_SAN_T5_129_MCAV_S2_R2_001	4.9	71687315	33544542	71687315	10824784565	64424074	10477095403	3.2119730412389966
032024_COL_SAN_T5_130_MCAV_S37_R1_001	4.9	88591485	49527203	88591485	13377314235	61123281	12654917823	5.400160296077548
032024_COL_SAN_T5_130_MCAV_S37_R2_001	4.9	88591485	49558953	88591485	13377314235	93952279	12635195731	5.547589680283831
032024_COL_SAN_T5_131_MCAV_S3_R1_001	4.9	55087302	24594346	55087302	8318182602	31130781	8105673082	2.554759016096915
032024_COL_SAN_T5_131_MCAV_S3_R2_001	4.9	55087302	24615670	55087302	8318182602	51353401	8090062826	2.7424232781948255
032024_COL_SAN_T5_132_MCAV_S4_R1_001	4.9	87635513	46151471	87635513	13232962463	51562739	12574630120	4.974943024592784
032024_COL_SAN_T5_132_MCAV_S4_R2_001	4.9	87635513	46110197	87635513	13232962463	86805128	12553594372	5.133907791997037
032024_COL_SAN_T5_133_MCAV_S5_R1_001	4.9	67927591	35139397	67927591	10257066241	44644873	9781659969	4.634914709819119
032024_COL_SAN_T5_133_MCAV_S5_R2_001	4.9	67927591	35126023	67927591	10257066241	68125960	9766658641	4.781168303659003
032024_COL_SAN_T5_134_MCAV_S6_R1_001	4.9	77515908	35899158	77515908	11704902108	45184590	11355117223	2.988362326934208
032024_COL_SAN_T5_134_MCAV_S6_R2_001	4.9	77515908	35891099	77515908	11704902108	69707095	11333233899	3.1753209516034677
032024_COL_SAN_T5_136_MCAV_S7_R1_001	4.9	76956442	36715746	76956442	11620422742	46136050	11255356275	3.141593684716225
032024_COL_SAN_T5_136_MCAV_S7_R2_001	4.9	76956442	36740590	76956442	11620422742	71558033	11234000848	3.3253686425997664
032024_COL_SAN_T5_139_OFAV_S17_R1_001	4.9	57213553	23399142	57213553	8639246503	30290200	8485939733	1.7745386700884602
032024_COL_SAN_T5_139_OFAV_S17_R2_001	4.9	57213553	23363720	57213553	8639246503	50257581	8467806142	1.9844365008044036
032024_COL_SAN_T5_140_OFAV_S18_R1_001	4.9	54570317	22521409	54570317	8240117867	28494416	8092778744	1.7880705759084257
032024_COL_SAN_T5_140_OFAV_S18_R2_001	4.9	54570317	22468291	54570317	8240117867	47179097	8076973449	1.9798796647480041
032024_COL_SAN_T5_141_OFAV_S19_R1_001	4.9	50444393	20876779	50444393	7617103343	27513840	7471110986	1.9166387854533273
032024_COL_SAN_T5_141_OFAV_S19_R2_001	4.9	50444393	20832656	50444393	7617103343	46780188	7452903026	2.1556792602912176
032024_COL_SAN_T5_143_DLAB_S40_R1_001	4.9	78376444	39767495	78376444	11834843044	39660706	11328860783	4.275360975374504
032024_COL_SAN_T5_143_DLAB_S40_R2_001	4.9	78376444	39694142	78376444	11834843044	63166945	11313976181	4.401130298589535
032024_COL_SAN_T5_144_PSTR_S9_R1_001	4.9	60372491	24701071	60372491	9116246141	27973321	8976058395	1.537779298976039
032024_COL_SAN_T5_144_PSTR_S9_R2_001	4.9	60372491	24665734	60372491	9116246141	48985723	8956113470	1.7565637053151613
032024_COL_SAN_T5_146_DLAB_S12_R1_001	4.9	54078113	26188637	54078113	8165795063	34083501	7835161814	4.049002533729152
032024_COL_SAN_T5_146_DLAB_S12_R2_001	4.9	54078113	26137497	54078113	8165795063	53039602	7823141896	4.196200913155344
032024_COL_SAN_T5_147_PSTR_S10_R1_001	4.9	58643020	35384850	58643020	8855096020	42771255	8176900245	7.658818983647792
032024_COL_SAN_T5_147_PSTR_S10_R2_001	4.9	58643020	35336714	58643020	8855096020	63789830	8166984025	7.770802184932152
032024_COL_SAN_T5_148_DLAB_S13_R1_001	4.9	53314227	24894399	53314227	8050448277	30160078	7773023826	3.446074571929083
032024_COL_SAN_T5_148_DLAB_S13_R2_001	4.9	53314227	24847538	53314227	8050448277	47326531	7760347340	3.603537679122958
032024_COL_SAN_T5_149_DLAB_S14_R1_001	4.9	58930749	27010268	58930749	8898543099	37597423	8601543008	3.3376260326634397
032024_COL_SAN_T5_149_DLAB_S14_R2_001	4.9	58930749	26994647	58930749	8898543099	54872492	8587047917	3.5005188887044354
032024_COL_SAN_T5_150_MCAV_S8_R1_001	4.9	74088300	34619379	74088300	11187333300	39644037	10841509654	3.091207142277597
032024_COL_SAN_T5_150_MCAV_S8_R2_001	4.9	74088300	34618079	74088300	11187333300	61334854	10826647993	3.2240507842919097
032024_COL_SAN_T5_154_PSTR_S38_R1_001	4.9	64309974	46380079	64309974	9710806074	52071945	8557026836	11.881395109816504
032024_COL_SAN_T5_154_PSTR_S38_R2_001	4.9	64309974	46470726	64309974	9710806074	82221837	8552853519	11.924371119925219
032024_COL_SAN_T5_158_DLAB_S15_R1_001	4.9	48170800	22006546	48170800	7273790800	24044010	7075678407	2.7236471112146914
032024_COL_SAN_T5_158_DLAB_S15_R2_001	4.9	48170800	21965753	48170800	7273790800	38316222	7065243916	2.8671003845752616
032024_COL_SAN_T5_159_DLAB_S16_R1_001	4.9	56436314	25910622	56436314	8521883414	28912304	8269128857	2.9659471354039812
032024_COL_SAN_T5_159_DLAB_S16_R2_001	4.9	56436314	25913231	56436314	8521883414	46511018	8255309115	3.1281148315413927
032024_COL_SAN_T5_160_DLAB_S41_R1_001	4.9	82803578	52548910	82803578	12503340278	69993302	11349807049	9.225800492926487
032024_COL_SAN_T5_160_DLAB_S41_R2_001	4.9	82803578	52446901	82803578	12503340278	100819118	11338542235	9.315894929689284
032024_COL_SAN_T5_161_DLAB_S42_R1_001	4.9	77200294	39243455	77200294	11657244394	41742422	11171995610	4.162637134465142
032024_COL_SAN_T5_161_DLAB_S42_R2_001	4.9	77200294	39197765	77200294	11657244394	62981652	11159935420	4.266093745585069
032024_COL_SAN_T5_162_PSTR_S39_R1_001	4.9	84730100	48901578	84730100	12794245100	60776069	11817859175	7.6314461491753045
032024_COL_SAN_T5_162_PSTR_S39_R2_001	4.9	84730100	48813790	84730100	12794245100	87725352	11805998149	7.724152095538642
032024_COL_SAN_T5_163_PSTR_S11_R1_001	4.9	51121508	20578188	51121508	7719347708	25143090	7609896916	1.4178761747779531
032024_COL_SAN_T5_163_PSTR_S11_R2_001	4.9	51121508	20536475	51121508	7719347708	40622360	7594275882	1.6202382731170528
032024_COL_SAN_T5_166_OFAV_S20_R1_001	4.9	64228179	26623816	64228179	9698455029	34577426	9515482579	1.8866144087164587
032024_COL_SAN_T5_166_OFAV_S20_R2_001	4.9	64228179	26580672	64228179	9698455029	55292824	9496132187	2.0861347647127397
032024_COL_SAN_T5_167_OFAV_S21_R1_001	4.9	57158472	23919377	57158472	8630929272	27522510	8468362974	1.8835318060986654
032024_COL_SAN_T5_167_OFAV_S21_R2_001	4.9	57158472	23847056	57158472	8630929272	47189235	8451243954	2.0818768447440013
